100
100
167	159	157	156	150	151	157	159	158	164	155	157	159	156	147	159	162	163	158	156	163	164	160	159	159	159	170	158	166	170	163	166	158	160	159	157	158	160	160	160	164	160	152	163	159	158	160	153	160	160	158	163	166	165	160	147	154	142	128	132	118	138	118	87	97	128	128	124	126	130	143	142	142	141	139	137	137	139	140	140	150	133	133	131	120	135	131	121	132	129	128	140	139	143	138	137	124	134	125	132
162	156	156	155	151	151	153	151	156	160	153	155	153	154	150	157	156	161	161	163	168	166	159	156	156	160	166	159	163	161	163	165	155	155	156	156	156	159	160	158	159	158	155	163	158	158	157	158	159	159	159	164	164	160	162	160	153	133	123	128	127	130	109	80	108	136	139	135	136	138	143	140	146	142	138	137	139	142	141	139	144	138	143	143	131	138	132	134	140	138	120	128	147	147	124	126	128	131	136	142
157	154	154	155	153	155	155	151	149	155	157	163	157	158	152	151	158	160	158	156	159	160	160	162	158	165	169	170	174	162	163	158	166	163	162	161	159	162	165	160	162	162	161	164	161	163	157	164	166	164	161	165	161	155	160	163	157	140	134	121	117	110	103	95	101	128	147	150	148	142	139	142	138	136	135	136	140	145	146	146	141	141	145	142	130	130	124	135	141	133	120	134	150	150	129	121	127	126	140	146
154	154	154	155	156	161	162	158	153	159	158	159	155	161	158	159	155	159	160	159	160	160	160	163	170	164	161	159	166	163	167	167	169	163	162	160	157	162	166	160	157	155	154	157	160	167	157	167	171	166	160	162	160	157	160	159	150	144	129	110	126	146	121	86	102	119	139	147	151	148	137	137	143	144	143	142	142	144	147	148	142	141	142	137	128	137	135	147	140	133	126	139	145	146	135	135	130	131	141	147
154	156	157	157	158	162	163	160	155	163	157	155	156	162	159	164	158	161	164	165	165	164	164	166	162	153	164	163	172	171	165	166	163	159	159	159	159	163	165	160	158	156	156	158	159	163	151	159	165	163	158	159	161	162	164	158	151	140	122	124	137	156	116	91	107	128	144	137	135	141	140	140	141	140	139	137	137	139	141	141	140	141	143	134	123	139	140	144	143	144	126	129	141	138	128	146	127	134	129	137
156	159	160	159	157	156	155	155	154	162	155	156	158	163	157	161	157	160	166	171	170	167	163	162	166	157	171	163	166	167	163	168	163	165	165	165	165	164	161	157	158	160	160	165	161	161	152	158	162	164	160	160	159	160	163	158	168	144	120	128	136	151	107	92	107	132	140	127	128	144	146	134	147	142	137	138	146	151	149	145	141	148	154	143	129	142	139	139	144	134	120	129	137	137	128	137	132	141	129	137
160	162	163	160	156	151	152	156	163	162	154	155	154	163	162	164	166	162	161	162	162	163	166	167	168	161	167	158	159	159	162	165	161	167	165	162	164	160	153	152	153	153	151	162	159	162	164	166	166	164	159	160	158	157	161	159	154	153	144	129	136	159	118	83	96	127	138	134	129	133	144	138	150	142	135	136	145	150	146	139	130	140	145	137	129	140	132	138	145	125	121	137	134	137	135	131	132	134	129	133
163	165	164	160	155	150	155	164	164	160	158	165	160	167	165	160	169	163	161	163	163	165	167	167	159	159	163	165	170	166	172	163	157	165	161	158	163	161	156	159	170	163	151	162	159	163	169	165	167	159	153	158	161	160	165	165	158	154	163	147	146	144	112	91	103	124	132	141	134	124	138	143	141	136	131	134	144	151	150	145	135	143	140	131	132	139	127	138	149	138	127	135	135	133	130	141	136	129	134	133
158	159	163	159	149	152	158	154	165	157	159	164	166	170	168	158	158	161	165	164	159	161	167	168	161	160	164	162	162	165	166	170	159	160	163	159	164	167	161	169	164	160	164	164	159	159	162	167	167	161	151	156	161	159	162	159	165	169	159	156	167	155	117	88	109	126	130	151	149	124	133	139	146	138	135	131	142	154	145	138	136	150	145	132	139	142	133	138	141	135	133	144	138	135	144	128	131	123	128	135
164	165	166	163	158	160	164	163	159	158	157	159	163	168	168	164	162	163	161	159	161	163	165	169	169	160	159	160	160	160	161	170	165	164	167	159	156	164	164	163	168	158	167	162	155	160	160	169	157	161	157	160	164	163	164	155	168	163	160	169	166	139	109	87	103	130	129	142	151	140	142	136	125	91	91	126	147	145	137	130	139	144	140	134	142	145	136	141	146	135	126	138	140	135	142	135	134	125	132	149
163	161	159	161	164	165	163	161	158	164	162	159	162	164	160	157	156	166	169	169	169	164	162	170	173	165	162	161	163	165	164	169	173	166	165	162	161	162	161	164	159	170	150	164	173	156	166	166	167	165	158	157	158	161	168	167	161	170	170	170	148	127	121	100	108	139	136	137	140	119	94	70	53	48	60	91	131	145	135	136	142	140	139	139	146	146	137	138	143	129	119	135	144	138	141	140	126	126	136	151
163	160	158	163	173	172	164	159	157	163	162	159	162	166	165	161	165	169	170	170	169	166	168	175	164	167	171	169	171	175	168	161	166	172	171	165	164	166	165	169	164	170	162	155	163	168	167	166	168	162	159	163	164	159	161	165	169	167	164	174	144	101	100	94	114	132	120	97	75	54	51	55	51	54	55	47	87	138	139	140	147	144	147	147	148	147	139	137	143	129	122	135	140	133	131	126	126	140	145	142
164	163	162	167	174	172	165	163	166	163	163	160	159	167	171	164	174	165	164	168	168	172	174	169	168	168	168	161	162	170	169	168	167	168	172	176	171	166	165	163	155	134	148	161	164	171	166	165	161	158	161	166	167	162	156	156	163	164	163	180	157	106	92	86	78	69	57	53	56	58	55	51	64	54	53	49	57	104	145	147	147	148	152	147	144	144	140	139	147	134	134	143	142	142	144	133	122	137	133	116
162	164	165	165	164	164	165	168	169	164	166	165	162	168	170	159	165	162	169	171	164	167	173	167	168	164	167	168	168	166	164	169	180	167	163	167	166	168	156	120	73	62	67	110	155	172	168	161	163	164	166	160	161	168	165	162	161	169	168	171	140	83	61	59	51	53	60	57	53	57	58	58	55	60	51	59	55	74	132	143	130	130	128	116	108	107	104	106	98	86	87	89	82	86	90	78	71	75	68	56
165	165	166	164	160	164	170	169	162	160	162	163	165	170	170	165	165	167	172	167	159	165	175	177	171	165	168	170	170	167	165	172	164	171	168	167	166	154	113	54	45	48	48	47	99	161	165	161	163	167	172	163	163	173	170	167	165	164	138	103	75	59	58	57	48	46	50	46	48	55	51	55	45	56	46	53	57	57	73	71	67	65	62	57	58	59	58	66	65	59	64	67	63	67	67	59	69	72	73	73
166	162	162	161	160	167	171	163	169	166	159	155	159	163	166	171	168	169	168	167	172	179	177	170	168	166	169	167	168	171	168	170	170	167	160	176	163	94	52	57	56	51	47	52	54	98	162	167	166	166	170	162	160	168	168	173	141	101	64	53	52	48	49	57	50	50	58	58	61	57	45	55	52	43	55	58	53	57	54	56	66	61	57	58	64	62	57	67	63	62	70	75	76	72	63	58	57	68	81	86
163	163	164	164	162	161	162	164	165	167	167	165	163	164	166	168	166	169	170	166	176	172	170	170	164	166	168	173	170	167	171	169	166	161	177	150	88	60	56	56	55	56	52	53	53	54	94	157	170	162	165	173	172	169	147	104	62	52	50	55	57	58	60	57	49	59	58	55	56	51	48	54	52	51	56	55	50	50	52	57	83	88	80	69	64	63	64	59	56	57	61	68	80	90	84	71	64	61	59	59
150	154	161	166	168	166	163	162	167	169	167	163	165	170	168	161	166	164	164	161	171	168	170	170	167	176	170	164	161	172	184	162	171	175	154	99	50	49	62	51	55	53	50	54	55	50	66	101	160	156	150	138	115	91	74	59	58	50	51	55	54	54	56	55	51	55	55	54	55	54	56	59	60	55	55	52	52	57	59	62	57	74	81	84	85	83	81	73	66	59	54	61	70	69	68	75	84	81	73	66
158	159	162	165	166	164	162	161	166	166	163	162	167	172	171	166	165	161	168	171	177	171	171	167	171	168	169	175	174	171	174	172	177	162	95	56	63	63	58	56	59	56	57	63	62	53	49	55	76	76	66	54	50	46	50	62	57	54	57	60	55	53	56	57	57	55	56	57	55	55	58	58	60	58	62	61	60	63	57	53	50	48	52	76	94	93	90	88	77	89	87	79	75	66	58	63	79	86	83	76
174	170	165	163	162	162	163	163	173	167	165	168	167	163	166	172	174	165	171	173	174	170	176	174	172	166	170	173	181	179	164	171	170	108	58	55	57	53	58	54	57	53	54	54	50	51	54	53	55	62	61	54	57	57	49	51	53	53	57	58	54	50	52	54	57	56	57	59	58	55	55	57	54	55	60	55	53	56	53	51	52	58	53	53	67	84	90	82	77	89	90	85	87	83	73	69	72	87	89	83
171	167	164	164	166	167	168	168	168	165	167	171	170	166	171	180	175	166	172	172	170	165	174	173	171	173	174	173	170	169	171	170	119	67	53	58	52	56	57	48	56	57	61	57	48	48	51	45	52	56	60	53	51	53	50	54	53	53	56	57	55	52	51	52	51	55	55	56	60	55	53	62	48	50	57	55	56	61	59	57	57	63	54	48	60	79	89	81	74	74	77	79	71	64	72	87	114	120	115	106
166	164	163	164	167	169	170	171	171	172	173	172	171	172	172	171	172	166	174	173	171	165	172	170	168	177	170	178	170	170	183	145	65	56	61	60	60	60	52	58	52	54	60	58	52	56	61	56	61	51	56	55	52	53	51	60	56	56	57	58	57	55	54	53	53	57	54	54	58	51	49	61	57	53	55	53	56	64	63	61	69	56	44	53	63	65	72	79	74	73	78	84	87	97	115	128	142	137	129	127
170	168	166	167	168	168	169	170	168	170	170	168	170	174	175	173	177	171	173	168	171	169	177	177	167	178	170	172	181	187	157	81	69	50	50	57	56	57	56	50	48	52	58	59	55	56	57	52	59	46	48	49	52	54	47	56	54	54	54	54	55	54	52	52	58	57	54	55	56	48	46	54	55	51	55	56	56	58	53	51	54	54	49	49	49	52	70	86	96	116	133	139	142	143	142	142	141	131	132	140
169	170	172	174	174	172	169	168	171	169	167	167	166	166	170	176	173	171	174	171	178	176	178	174	171	172	181	181	185	160	91	50	52	59	50	56	65	59	58	55	55	56	57	54	49	52	56	57	53	52	58	50	50	54	48	59	56	57	56	55	56	56	55	56	56	51	52	58	57	51	49	52	60	55	57	54	52	55	58	64	64	54	46	53	53	47	63	86	103	105	106	115	126	122	118	129	132	121	126	137
169	160	160	173	173	164	169	175	174	169	171	167	161	162	164	167	174	177	175	172	173	173	172	174	172	169	168	172	153	93	46	60	55	55	61	59	54	53	54	62	53	58	57	45	51	55	47	56	54	53	54	60	55	51	45	59	49	52	55	58	60	56	53	54	60	53	59	54	59	53	61	59	64	60	55	52	53	59	64	63	62	55	52	50	45	46	53	59	59	65	63	64	70	84	77	76	75	58	76	75
179	165	169	172	169	166	165	173	166	162	168	169	168	172	172	174	171	172	170	170	174	175	172	174	170	166	163	138	81	55	57	58	64	59	56	58	59	57	57	58	54	56	57	53	55	60	58	57	55	58	47	54	54	54	53	54	51	53	57	61	60	54	52	57	58	51	56	54	59	54	61	57	57	56	56	56	56	59	59	55	55	59	55	48	48	49	50	53	51	56	62	74	78	85	82	94	90	72	57	54
180	168	177	171	166	171	168	180	168	165	171	174	175	175	171	171	168	169	169	172	176	174	172	175	167	177	112	65	56	53	50	61	60	58	52	59	60	53	57	56	55	54	57	61	58	60	64	53	52	62	47	54	53	53	55	46	50	53	56	58	56	50	50	56	63	54	56	54	57	54	57	53	62	60	58	56	56	58	58	56	57	64	58	51	54	53	51	56	48	52	58	68	63	64	67	89	92	95	75	75
176	171	179	171	165	171	173	182	174	171	175	177	175	172	166	166	168	171	173	176	178	173	172	177	171	166	76	44	55	56	54	62	64	59	47	59	64	53	52	43	55	56	56	62	57	56	62	49	47	62	57	61	52	49	49	43	57	59	57	52	51	52	56	61	58	52	52	54	56	58	62	62	63	59	56	54	54	58	61	61	55	57	54	55	59	51	46	55	57	65	71	72	62	62	66	88	97	97	90	91
177	176	173	170	166	168	173	170	168	167	172	174	175	173	169	174	170	171	172	176	180	176	173	177	179	152	68	61	57	53	57	55	52	57	52	62	60	48	56	55	53	58	56	59	57	54	59	53	49	57	62	63	51	51	48	53	53	61	64	61	62	65	61	55	56	53	53	57	54	57	59	60	62	59	58	57	53	51	50	47	49	49	52	58	59	51	47	51	54	61	67	72	65	65	67	87	91	79	97	97
177	172	164	168	169	170	172	164	163	162	168	171	175	174	172	179	172	170	168	172	180	180	175	174	180	151	60	61	64	60	54	51	54	54	48	54	56	52	58	58	52	58	56	56	59	57	59	61	55	54	57	58	50	56	55	64	55	60	57	51	54	62	61	55	58	57	56	61	52	53	50	50	51	49	52	55	55	55	56	56	48	49	48	47	48	50	51	53	68	65	65	71	65	61	60	80	88	69	95	94
176	166	166	169	171	174	173	171	166	165	168	172	176	174	169	175	171	171	169	171	178	179	176	175	175	148	63	63	58	60	59	55	61	61	58	53	49	47	51	54	54	55	56	54	57	59	57	61	57	56	51	56	51	57	59	59	53	54	50	47	51	56	55	52	54	53	50	59	51	56	53	53	55	52	52	54	54	56	59	61	63	64	56	51	57	61	64	73	85	80	75	75	67	62	53	64	89	66	69	73
178	167	176	174	170	174	170	180	170	167	170	174	179	175	166	170	169	174	174	172	175	176	176	178	175	155	62	58	62	65	53	58	61	58	57	53	54	59	58	59	58	53	56	52	53	57	52	55	53	59	50	59	54	54	58	47	58	56	53	54	57	57	56	57	59	55	48	57	49	57	54	56	58	55	55	56	55	54	56	56	59	61	52	52	63	58	55	72	87	92	91	89	83	81	62	58	60	62	62	82
170	175	166	172	169	175	168	175	170	173	175	175	175	174	175	180	169	171	161	169	174	172	181	176	181	150	62	62	54	58	48	60	58	51	58	55	52	56	55	55	58	56	59	45	67	47	64	59	54	68	47	54	51	51	54	54	66	54	59	61	58	59	55	56	57	59	59	60	65	62	58	61	56	60	56	51	60	58	58	55	58	52	48	53	54	55	58	76	88	98	106	123	132	127	121	108	111	121	125	122
175	183	173	171	169	181	172	170	165	167	169	169	170	176	180	180	180	178	168	170	173	173	178	175	183	145	64	56	52	54	45	59	56	51	54	52	53	59	58	60	64	47	56	58	54	61	80	70	66	68	54	49	53	52	64	65	59	58	65	62	54	52	52	61	57	57	56	58	63	56	59	56	61	57	56	56	58	57	61	58	59	57	58	69	75	76	84	110	122	136	143	147	143	137	140	137	134	132	126	121
174	184	178	173	171	180	173	167	180	172	170	174	174	173	177	182	175	173	169	171	177	181	180	177	175	142	66	58	58	50	54	52	61	58	57	54	58	62	61	64	51	61	58	47	58	63	66	80	72	66	66	53	57	50	58	55	54	54	57	57	60	60	53	54	55	56	59	59	65	52	60	56	63	57	52	53	56	54	52	54	53	78	96	108	125	133	134	141	133	141	142	141	136	133	133	126	125	136	139	135
173	181	181	176	171	170	167	167	167	174	176	175	179	180	175	172	169	174	179	175	173	172	170	175	177	119	61	55	63	57	61	57	59	61	58	53	56	57	53	56	59	56	51	52	87	63	67	88	75	68	76	67	64	58	53	49	60	61	57	52	54	53	50	54	61	51	51	46	62	54	53	51	54	66	61	58	69	80	90	119	131	145	139	128	135	131	128	126	141	141	139	138	138	141	139	127	137	135	136	142
165	171	175	171	171	172	177	180	177	177	171	174	181	173	169	182	175	173	171	171	177	180	174	175	138	68	54	56	66	62	51	57	53	59	57	54	56	54	51	52	50	56	54	63	82	52	61	75	67	62	65	64	55	61	51	54	53	57	54	54	59	58	56	57	64	56	63	52	63	55	43	56	55	79	89	102	124	144	137	152	145	138	129	129	139	119	125	140	136	136	138	136	134	139	136	126	130	140	144	142
177	179	179	166	169	173	180	175	178	184	177	171	177	176	172	177	179	180	178	179	173	143	106	86	61	55	56	52	47	52	60	47	50	57	56	56	58	57	57	54	49	47	45	71	62	53	59	71	66	63	62	65	56	66	56	63	64	62	53	53	56	56	59	59	58	55	61	58	59	60	54	77	112	124	132	139	136	153	139	140	144	138	132	128	133	112	126	136	139	133	136	137	138	145	139	127	128	117	106	105
177	176	178	167	172	173	181	176	179	171	167	171	174	172	174	181	182	167	128	100	77	52	51	58	52	61	67	94	95	70	61	51	55	58	54	55	55	55	59	50	58	50	84	109	63	51	52	60	55	57	58	59	60	59	53	57	55	58	57	61	56	50	59	62	54	62	72	101	101	115	124	141	145	139	134	139	134	158	146	146	141	147	145	129	133	120	136	126	134	128	137	137	132	128	110	94	81	91	94	90
169	166	175	173	178	169	178	181	181	172	176	182	178	178	177	169	104	87	51	50	59	52	57	59	50	47	75	108	155	175	118	102	69	66	58	58	56	57	61	49	48	87	116	66	46	58	45	49	48	52	57	54	67	57	57	59	65	57	50	57	56	52	56	50	60	108	148	196	156	138	145	153	139	140	134	139	136	153	136	148	149	147	144	131	134	117	131	115	107	99	102	91	77	83	91	99	125	147	168	177
171	178	176	174	180	181	177	180	181	173	169	176	175	177	185	111	68	55	55	48	44	55	58	59	46	54	89	110	140	152	152	140	125	132	114	105	65	62	53	49	80	108	70	50	52	54	48	55	54	58	62	57	50	54	60	58	55	54	56	65	81	105	99	98	74	144	161	201	149	142	137	153	135	138	128	143	152	144	135	147	148	147	135	118	98	80	71	63	81	108	137	138	139	170	180	192	209	209	204	196
174	177	177	173	173	175	176	175	176	175	173	176	175	176	153	70	61	52	54	55	49	55	73	85	72	58	63	104	107	123	155	122	88	70	76	63	51	56	54	90	98	60	45	65	54	47	59	58	56	66	53	53	53	46	55	53	62	68	97	145	178	191	160	137	78	135	160	203	157	156	145	152	145	143	142	148	151	149	118	104	88	74	69	58	60	47	57	62	81	175	206	206	210	206	185	175	162	156	144	128
176	178	180	176	171	175	178	172	173	176	176	178	179	180	127	50	57	56	53	50	47	63	102	132	115	116	66	81	90	100	122	108	76	58	54	58	57	53	103	107	57	51	44	46	57	49	48	58	60	60	61	54	49	50	62	90	119	141	165	180	185	190	157	123	76	123	152	208	163	147	149	163	150	129	113	100	86	74	47	57	93	64	60	61	92	99	115	109	100	159	205	186	145	146	133	117	136	135	132	125
173	178	181	177	176	179	179	173	179	178	175	176	176	175	109	48	52	50	53	58	61	59	74	110	128	133	98	72	55	68	81	69	52	57	54	58	57	102	101	66	53	58	62	47	56	54	61	72	59	53	54	55	75	111	138	160	170	168	160	172	187	191	153	120	68	132	158	200	161	137	123	98	73	69	59	55	58	61	67	116	183	128	114	114	104	83	93	104	113	127	152	151	138	141	122	124	136	135	134	126
170	178	177	174	179	182	178	175	180	179	176	177	178	181	117	54	56	59	58	47	57	60	54	80	101	117	133	95	59	59	67	50	57	59	57	67	93	107	66	50	58	49	61	52	51	54	64	55	47	59	61	119	166	163	169	162	170	175	166	177	193	189	151	125	68	108	112	111	74	61	56	48	57	80	85	97	107	108	101	114	163	111	95	109	102	121	132	134	149	150	129	133	135	123	117	129	134	134	135	130
173	180	177	175	182	183	179	181	187	189	187	183	181	186	132	46	55	55	53	49	59	58	48	67	82	125	152	121	97	62	51	53	48	62	53	97	96	51	50	51	58	48	53	63	66	48	46	52	52	58	51	98	160	168	163	167	166	185	175	164	152	134	100	78	57	51	54	61	69	86	88	106	110	105	88	85	77	92	121	141	142	143	145	135	104	137	135	115	131	133	142	147	131	135	139	138	141	138	135	126
174	179	180	180	182	182	182	185	179	180	181	179	176	184	158	59	53	51	52	64	52	43	91	149	160	163	162	144	124	91	57	46	41	62	76	109	55	54	51	51	54	55	51	57	49	47	54	51	46	46	48	44	103	167	158	150	126	114	87	76	56	50	62	79	79	95	113	108	93	90	93	99	103	79	79	113	137	156	149	137	148	142	138	128	115	140	133	126	137	132	142	134	128	147	132	130	129	130	136	134
170	173	181	185	180	179	182	183	181	177	178	179	173	178	179	83	42	56	49	55	49	70	138	158	177	172	169	150	126	120	96	113	97	68	101	77	59	55	55	57	53	57	38	55	57	52	50	54	47	41	53	45	55	84	75	62	62	64	68	88	87	94	102	97	88	94	99	129	137	127	139	119	112	130	154	153	139	144	133	138	150	147	145	126	123	135	132	140	139	138	133	140	137	141	136	125	139	136	137	131
176	173	177	181	177	173	174	176	179	174	175	178	165	175	181	133	54	53	58	56	42	87	168	116	141	162	166	127	115	120	134	168	173	136	126	86	66	51	54	49	55	57	47	57	56	55	48	49	46	44	50	54	54	66	82	86	89	93	94	104	113	113	111	106	101	139	146	106	112	116	128	127	158	154	144	136	144	141	129	144	140	151	140	122	124	126	131	143	141	140	132	130	120	142	140	126	136	138	129	130
182	180	180	180	175	175	179	180	177	183	181	181	176	176	182	172	105	53	50	49	46	100	147	82	145	175	136	126	112	164	181	171	167	172	136	119	133	113	80	58	49	61	74	68	62	55	63	59	70	73	78	85	89	85	89	104	114	128	146	175	195	185	153	120	71	98	107	96	122	146	159	158	137	146	145	138	142	140	132	138	141	146	136	118	123	127	129	131	132	136	137	140	126	137	141	139	131	136	133	131
179	179	178	172	168	171	174	174	170	185	185	175	172	171	175	185	163	86	63	51	38	73	120	108	160	184	131	129	152	152	151	152	171	171	165	128	145	180	165	128	60	88	117	100	117	67	94	108	88	74	69	59	57	98	137	132	134	142	145	154	163	152	128	104	82	107	127	135	128	132	136	140	131	137	133	132	135	136	139	139	139	140	139	128	129	122	129	140	134	130	132	143	137	140	139	139	142	142	139	130
178	182	181	174	170	173	174	170	176	174	180	181	175	169	172	185	165	113	66	52	54	57	78	95	108	121	113	86	98	81	92	89	96	144	158	93	138	175	172	139	68	54	48	117	121	63	63	54	83	99	110	109	109	114	116	113	114	123	121	122	123	118	117	117	129	137	105	97	103	117	100	107	104	104	98	103	104	110	135	150	148	140	133	124	134	120	121	129	141	134	133	137	130	129	135	145	143	139	138	129
180	186	185	178	175	177	176	173	172	176	182	175	174	182	182	178	171	160	111	74	74	69	70	109	100	85	76	87	85	77	71	79	91	87	131	94	132	188	178	132	89	55	65	96	86	70	48	89	180	184	189	194	196	194	190	188	194	197	189	191	195	191	191	195	185	127	91	146	176	181	167	188	183	180	178	184	175	156	148	134	145	145	138	118	137	130	131	131	142	137	136	135	136	132	134	136	138	136	140	133
180	184	182	176	174	174	174	175	176	182	177	174	178	177	175	180	178	180	173	154	142	112	72	110	96	102	89	116	82	80	73	65	84	83	117	174	194	207	189	135	67	52	68	118	151	76	48	78	122	118	120	133	147	155	153	146	150	154	149	151	158	156	160	167	152	133	113	136	141	154	146	152	146	147	149	150	146	147	151	144	150	136	133	124	138	114	119	132	144	138	136	134	145	141	136	128	129	133	137	133
180	181	179	176	175	173	173	178	175	192	180	171	177	177	178	177	174	173	181	187	172	131	77	98	112	156	107	95	77	77	76	88	83	86	131	203	209	213	197	193	76	56	67	122	129	85	70	63	53	64	120	161	151	150	163	156	157	154	141	150	174	174	150	127	131	181	137	80	92	138	137	146	138	133	132	132	137	146	146	143	150	141	141	118	138	137	144	123	143	141	140	129	135	129	134	137	122	127	124	122
176	176	174	175	175	170	168	175	171	182	171	172	176	174	181	177	174	185	174	180	175	150	106	95	118	168	131	120	82	83	81	98	84	80	132	201	220	218	191	170	69	49	49	65	77	67	77	55	50	115	163	167	160	157	156	159	163	167	153	152	170	173	154	131	122	154	134	94	94	136	145	137	141	131	135	138	142	146	142	148	156	136	146	132	141	132	147	130	140	137	138	130	140	127	126	124	132	138	132	137
175	178	179	178	169	164	171	171	172	178	172	175	183	180	178	178	171	186	179	174	178	157	139	100	108	161	129	106	77	83	89	123	92	109	149	196	183	160	142	100	63	52	49	52	55	59	62	66	57	106	143	158	161	160	162	162	148	129	131	131	171	183	135	147	112	108	138	135	117	130	144	148	140	132	130	141	137	141	148	151	157	136	135	136	147	142	136	138	147	137	123	136	130	128	130	146	135	118	121	123
168	180	176	174	177	174	172	172	170	174	173	177	178	176	178	176	165	180	176	171	179	177	174	134	131	165	110	93	98	106	104	93	88	92	129	156	147	120	85	51	46	58	58	53	50	58	72	72	62	55	68	105	141	165	158	121	112	110	117	126	166	188	159	149	104	101	127	139	152	131	140	138	134	137	124	121	135	146	143	152	149	124	133	139	145	140	136	141	143	138	126	135	131	134	132	138	137	122	128	129
170	178	170	166	173	176	176	172	167	169	172	176	172	170	176	172	177	178	172	170	173	172	175	145	120	102	87	112	136	122	80	81	84	61	76	72	77	63	53	70	101	89	59	56	62	99	152	138	112	88	70	60	56	84	118	117	128	134	138	145	159	169	165	153	119	110	121	96	133	143	128	149	140	125	132	134	135	143	141	143	151	128	145	143	143	142	136	137	133	134	130	134	134	144	142	142	131	131	141	130
180	178	175	175	172	176	182	173	168	172	173	175	172	169	174	173	170	177	172	163	166	169	174	147	89	108	105	134	144	142	108	96	79	61	66	58	81	59	68	132	158	157	143	102	111	157	165	165	175	156	125	97	70	56	61	64	95	124	142	143	139	146	157	153	122	104	108	107	106	145	145	125	130	139	130	137	143	133	148	145	148	137	151	136	136	143	134	130	137	137	136	133	132	141	141	140	145	135	141	139
178	176	179	183	176	172	176	170	175	181	176	175	176	172	172	175	172	171	169	170	177	168	172	168	146	156	111	123	138	160	111	119	106	57	76	101	117	116	148	165	162	167	168	168	159	158	170	165	165	169	168	166	145	105	78	70	59	65	91	124	146	147	139	142	116	98	114	131	115	143	157	158	123	126	138	130	140	149	149	140	144	139	147	131	139	148	140	140	144	134	133	128	130	136	137	138	134	137	147	134
172	175	173	176	174	166	167	171	177	183	175	173	176	171	169	172	175	181	178	169	174	169	171	165	164	165	113	118	142	169	101	160	156	143	151	164	175	162	167	167	167	172	160	157	166	159	154	165	167	176	171	159	161	171	155	113	79	64	61	65	87	113	129	156	130	111	112	108	133	150	142	161	159	128	139	127	132	140	140	129	145	140	141	133	146	147	144	150	149	129	130	126	135	139	140	141	132	125	137	139
177	178	174	174	173	170	174	176	172	176	173	174	174	170	171	171	175	174	175	171	174	169	171	165	164	173	127	151	171	166	110	170	176	172	163	155	159	161	164	166	159	163	153	167	164	153	168	165	164	161	162	166	166	174	183	171	156	125	97	71	56	54	66	94	130	130	118	121	126	138	156	141	139	149	126	126	153	129	143	135	142	137	135	135	143	138	142	145	150	130	137	130	137	137	136	137	133	129	141	139
177	173	175	178	171	174	181	168	168	171	174	178	175	173	178	175	171	173	178	171	173	179	182	164	172	172	161	167	165	159	106	167	167	169	165	160	161	167	159	161	160	168	173	157	153	166	164	157	152	160	164	166	168	179	186	174	171	173	168	144	104	73	60	58	70	93	109	132	119	143	146	144	121	141	156	118	134	144	141	135	138	138	137	138	142	139	149	142	135	122	138	130	135	134	136	139	145	126	130	133
168	169	169	170	173	173	170	169	164	179	170	167	177	173	169	174	171	176	167	171	171	166	175	171	181	169	170	169	136	105	84	171	165	163	166	167	164	164	164	157	161	164	162	160	161	157	157	165	160	154	159	161	165	172	187	175	170	160	153	174	164	146	104	73	69	59	68	78	109	134	154	143	131	131	146	151	133	142	140	131	141	128	149	141	147	143	149	141	141	149	146	140	135	141	133	138	142	132	121	128
170	169	166	165	168	171	171	172	176	168	162	174	179	167	164	168	166	169	170	171	168	165	167	168	156	169	174	171	128	93	87	157	165	160	162	163	160	161	162	159	163	163	163	164	165	164	165	169	164	158	162	160	161	167	183	173	172	169	158	172	171	166	122	85	78	70	65	50	59	74	110	132	126	127	133	130	157	134	129	140	149	134	138	130	137	138	143	139	148	141	134	131	132	150	146	138	134	138	137	139
168	169	167	167	170	170	168	168	173	170	165	170	174	169	166	160	164	165	172	169	167	167	163	166	162	171	161	176	170	160	153	173	165	160	163	167	166	164	165	164	162	160	159	161	161	159	159	161	155	158	167	164	160	164	185	182	169	180	172	173	164	162	130	112	116	120	109	79	66	54	58	64	88	116	117	139	140	153	132	125	136	142	137	125	137	155	154	138	146	136	140	145	134	144	143	135	138	141	134	131
168	170	171	170	171	170	166	163	164	177	171	166	172	172	169	166	167	168	170	169	169	168	166	167	164	171	159	170	170	171	169	168	164	161	166	173	172	168	167	167	166	167	165	164	166	163	161	166	162	161	166	163	162	163	175	166	175	185	174	174	166	155	112	97	116	110	107	114	121	102	76	63	56	56	83	106	138	146	160	137	133	140	136	137	136	137	137	142	143	131	136	141	122	126	131	135	146	143	129	121
170	173	171	169	170	170	168	166	166	174	170	171	174	170	171	175	166	172	169	173	171	165	171	168	170	171	167	166	165	171	168	165	165	161	163	167	167	163	163	165	158	163	159	157	161	158	156	166	159	161	166	161	157	155	167	160	183	190	176	172	168	162	121	112	114	102	96	108	128	145	135	112	71	69	55	61	73	102	135	165	141	136	132	138	141	144	139	142	142	134	134	137	129	137	135	135	137	139	135	135
166	171	171	170	171	172	169	166	167	170	172	172	168	174	180	168	160	173	169	176	171	161	171	168	168	170	178	171	165	168	166	170	170	165	161	160	159	157	160	166	160	165	161	158	160	155	153	162	167	163	161	156	159	158	165	153	173	184	175	169	163	155	104	87	105	91	96	118	125	142	147	139	124	110	88	72	64	57	66	104	171	148	140	128	134	150	148	139	137	141	138	130	124	138	134	131	140	138	133	137
162	168	171	170	172	172	168	164	162	167	172	170	165	174	180	162	161	168	168	171	168	164	169	168	161	165	172	168	168	169	168	168	169	168	164	162	161	160	162	166	161	159	161	162	158	155	155	156	156	159	162	158	158	157	169	163	171	182	177	167	154	156	133	143	127	121	120	125	114	136	146	138	128	133	136	110	94	75	64	87	123	84	111	131	147	148	144	143	130	143	151	145	131	136	129	127	145	140	133	138
166	169	168	164	165	168	168	167	160	161	163	172	172	165	166	169	168	164	165	164	166	170	167	167	167	171	171	168	173	171	170	161	162	166	167	167	167	165	163	163	155	148	156	164	157	159	164	157	156	159	163	158	156	152	160	154	160	164	165	170	159	150	117	125	120	112	110	124	120	143	148	140	117	118	126	132	145	124	100	149	139	55	57	70	108	134	144	141	133	134	141	144	130	130	127	130	130	136	135	136
168	170	165	157	160	169	171	168	171	162	166	166	160	164	166	163	159	163	170	163	164	169	165	175	173	162	162	165	169	169	165	168	162	162	164	163	168	170	161	157	152	158	165	161	159	157	153	160	172	160	154	156	160	164	163	158	151	145	151	171	160	158	164	149	105	85	92	95	126	144	143	135	129	119	127	136	136	138	141	144	125	83	64	59	53	68	99	123	133	131	135	134	118	123	125	133	121	138	139	130
167	167	162	158	162	169	171	170	169	159	165	168	165	171	173	170	161	166	163	163	168	166	162	161	169	164	166	166	166	165	161	164	158	166	165	161	162	165	163	157	170	164	155	160	164	158	157	158	167	164	163	163	160	159	158	155	157	156	152	163	155	155	158	130	71	67	79	95	127	150	149	138	134	125	131	134	131	137	142	144	148	137	115	89	74	61	51	59	91	118	131	139	128	132	139	132	132	130	130	129
166	167	165	164	164	162	160	161	170	162	166	167	164	167	166	163	169	173	163	168	172	165	164	157	161	164	169	166	164	165	161	161	159	169	162	158	162	167	167	152	155	164	160	162	158	149	154	153	149	151	155	155	152	152	153	151	150	153	148	163	161	150	137	84	66	69	75	103	129	146	141	128	125	121	130	133	132	139	143	142	140	149	136	117	121	111	80	67	127	149	114	113	128	133	131	118	130	125	123	122
159	162	165	167	165	160	161	167	165	159	165	166	162	165	164	162	165	168	163	166	168	165	168	169	156	161	167	163	164	170	166	163	156	171	165	162	162	162	167	155	149	161	158	148	154	171	179	171	167	168	166	163	163	166	166	163	159	164	164	173	152	125	124	77	73	76	71	108	131	147	147	139	122	116	126	134	136	141	143	141	136	140	139	134	143	150	131	113	179	189	149	120	96	105	134	136	144	141	125	114
163	164	164	165	164	162	165	173	165	161	168	169	165	167	167	167	167	163	164	160	158	159	157	164	159	161	164	161	165	173	169	162	161	167	156	162	168	165	165	151	154	160	162	140	146	180	182	173	176	176	172	168	170	176	177	176	168	170	172	174	148	125	138	91	58	76	78	118	141	156	154	141	133	118	124	134	138	141	142	143	135	131	137	137	135	139	139	137	148	161	160	174	165	129	96	95	122	130	132	135
162	163	163	164	166	165	162	162	166	164	170	170	167	169	168	169	173	163	166	162	160	160	153	160	165	163	163	161	165	171	165	160	157	162	158	163	164	158	160	158	163	157	161	139	145	178	178	179	166	170	170	167	169	173	176	180	177	173	173	167	154	145	158	105	65	86	87	106	129	148	152	136	131	114	120	135	141	142	140	141	141	131	131	133	132	127	123	129	140	138	137	133	141	176	166	137	104	103	117	134
154	160	162	161	164	166	164	161	162	158	163	165	167	170	168	169	168	161	162	165	166	166	166	171	166	163	164	162	163	165	160	160	160	159	157	157	160	160	160	161	163	169	183	168	158	170	173	181	176	179	179	177	177	175	177	182	173	181	192	177	164	149	161	123	75	83	82	95	128	145	149	134	123	111	120	135	140	142	139	135	141	126	123	130	137	135	128	130	142	141	139	133	122	128	140	171	172	146	118	101
162	170	169	159	156	161	165	166	169	162	164	163	164	166	161	159	167	165	159	165	163	156	165	168	162	160	163	163	162	161	158	162	160	161	162	155	154	158	161	168	158	163	169	161	156	166	173	174	168	169	168	168	171	171	171	177	170	173	178	160	157	146	167	155	87	74	71	88	135	147	149	138	130	119	124	132	135	140	138	133	140	125	129	133	131	135	136	133	141	140	134	131	129	140	131	124	134	164	175	164
169	171	164	155	159	166	165	161	159	162	169	171	168	166	165	160	169	162	159	159	159	165	167	160	163	160	160	161	159	158	161	165	159	156	157	158	160	161	158	163	153	156	158	159	161	161	158	158	159	161	162	153	153	157	153	160	151	160	160	154	150	158	171	168	112	64	79	87	135	150	159	142	123	119	123	133	138	137	135	134	136	132	129	123	124	135	123	133	135	130	129	136	136	127	125	133	129	128	136	163
168	162	160	163	166	163	160	160	159	159	165	167	162	164	166	160	164	163	165	163	159	162	167	165	161	157	157	160	160	159	159	160	161	160	161	158	161	165	162	163	160	161	160	159	160	160	161	162	159	156	158	156	157	157	152	158	153	156	160	158	156	166	173	173	157	86	67	100	135	151	147	141	121	119	122	131	137	138	134	127	139	136	130	127	127	135	124	130	141	136	130	128	128	127	130	136	138	132	125	139
163	154	153	160	163	163	166	170	161	158	161	162	158	161	164	159	163	164	167	163	156	156	159	159	156	154	155	159	160	158	156	157	159	160	160	155	158	163	158	156	163	164	160	157	157	158	159	161	156	152	159	165	164	157	151	154	158	155	161	157	158	170	173	176	177	132	78	104	128	148	161	139	118	116	120	130	140	145	142	133	135	137	130	133	134	138	129	129	127	132	131	126	124	127	129	131	139	135	117	116
164	161	160	156	153	160	167	166	163	163	162	161	162	162	161	161	157	159	161	160	157	158	160	157	154	154	156	159	160	156	154	157	163	161	160	156	159	161	155	154	158	160	158	154	154	154	153	154	156	155	162	167	163	157	155	157	165	158	163	152	152	169	171	176	185	158	108	111	137	143	160	139	119	116	118	127	135	139	135	129	125	131	126	133	134	137	132	130	126	134	134	124	118	123	130	135	135	141	124	116
157	164	166	159	154	161	164	159	162	167	163	161	167	164	158	163	161	163	164	162	160	160	159	156	156	156	155	158	161	158	155	156	160	154	154	156	159	158	153	155	153	157	156	153	152	152	151	150	160	158	157	159	160	160	161	161	166	160	164	151	151	171	174	177	181	173	146	120	133	143	144	139	117	114	120	131	137	136	133	130	122	128	123	129	127	131	132	132	146	135	121	118	130	138	134	125	135	148	133	125
154	161	163	160	159	161	162	163	155	161	158	157	164	160	154	160	153	159	162	161	160	161	163	165	159	156	152	157	164	162	156	155	153	147	149	154	158	156	152	158	154	158	158	154	153	154	154	154	156	157	152	158	166	165	161	155	158	156	161	155	158	175	179	180	180	176	128	118	127	144	149	134	113	115	124	136	142	140	136	133	129	131	129	129	124	130	131	135	134	129	120	118	125	132	132	129	132	141	128	123
163	166	160	155	158	157	155	160	155	156	156	156	157	155	155	158	156	161	163	159	156	155	156	158	155	155	153	157	164	161	155	157	155	151	154	156	160	159	155	159	155	160	160	156	155	156	156	156	152	158	154	164	175	164	154	151	151	148	151	157	164	174	180	179	181	135	87	109	139	143	150	129	116	121	128	132	134	134	128	119	132	131	134	133	126	134	128	133	132	130	120	111	115	125	132	134	141	145	133	134
160	166	158	151	159	161	156	159	163	158	161	162	156	156	162	161	159	162	161	157	155	154	153	154	148	154	156	159	162	157	154	160	156	156	158	155	156	157	151	152	153	159	161	158	157	158	156	154	156	164	157	166	174	157	149	156	149	142	142	156	165	169	176	177	152	93	113	104	133	140	136	127	118	125	129	127	129	135	131	118	125	124	133	134	128	136	123	126	139	142	134	123	122	129	129	125	130	133	125	129
167	158	154	154	154	154	158	166	160	157	157	159	161	163	162	158	156	154	154	153	152	157	160	156	147	154	153	159	161	155	156	152	154	155	151	151	157	155	150	150	155	153	154	156	154	152	153	156	161	159	156	160	178	154	147	150	147	148	145	151	162	172	180	177	120	89	95	111	140	138	145	134	116	117	125	130	128	141	132	126	132	124	123	129	129	134	126	131	136	129	119	125	126	131	123	118	123	131	127	121
155	153	151	156	158	154	155	155	155	158	160	159	158	160	159	152	156	155	156	155	154	158	159	154	153	153	149	156	157	149	149	148	153	153	154	156	156	151	149	153	154	151	152	156	157	156	155	154	153	152	151	153	167	157	161	161	155	148	151	160	164	177	180	156	112	103	106	115	130	139	145	141	117	125	131	129	127	143	134	123	137	136	131	131	132	136	127	137	130	129	124	126	120	124	120	121	132	137	131	124
155	158	155	160	160	157	162	160	159	163	163	156	154	160	163	159	157	155	157	157	156	158	157	151	161	154	149	158	161	153	150	149	152	149	152	158	155	150	152	157	154	149	148	151	151	152	153	153	150	150	150	147	155	155	163	159	163	151	148	149	150	169	175	143	113	126	125	123	127	142	140	136	117	124	127	129	127	138	131	126	129	140	135	132	134	134	120	129	145	134	119	117	116	125	121	118	118	121	121	119
151	159	155	158	156	153	164	163	154	158	159	156	153	158	160	157	159	156	156	156	155	156	155	149	156	155	156	156	149	145	153	163	156	150	151	155	152	152	155	154	152	150	150	151	149	148	149	149	150	153	151	150	154	154	156	151	149	152	153	152	151	159	152	118	108	126	120	109	125	143	142	134	122	132	131	126	122	135	129	120	120	136	134	133	138	142	131	134	135	131	122	120	113	120	118	116	131	128	130	134
148	155	155	158	158	156	160	156	159	156	154	153	151	153	158	161	159	155	154	153	151	153	154	150	153	153	157	156	152	153	154	154	159	156	154	150	146	150	154	149	150	150	153	155	154	152	150	147	149	155	150	154	160	158	153	151	142	147	150	149	147	155	150	121	113	119	108	87	123	142	150	143	128	125	123	133	129	130	129	132	130	141	132	129	130	140	134	130	126	127	123	122	112	121	125	125	133	125	129	139
156	155	155	157	161	163	159	155	156	154	157	161	158	153	153	154	157	153	152	151	149	151	153	151	151	153	162	159	153	153	151	148	150	154	154	147	144	150	155	153	151	148	148	150	152	154	154	151	150	155	146	154	158	156	149	151	154	148	154	158	146	144	136	100	98	97	84	64	111	131	141	134	128	126	124	132	123	128	130	122	128	137	124	122	125	136	131	122	119	124	127	130	120	126	123	117	127	122	131	147
161	152	153	149	152	159	153	156	154	155	156	153	148	146	149	151	153	150	152	152	150	150	153	151	159	148	149	146	145	151	148	145	144	150	151	147	149	151	152	152	150	149	149	148	147	149	153	154	151	155	146	154	150	153	149	149	153	146	153	161	149	136	121	91	86	84	68	61	111	142	144	133	122	114	116	134	123	125	131	121	130	143	126	123	130	137	127	119	121	126	128	125	110	119	122	120	133	132	138	147
159	150	157	150	149	155	148	158	154	158	159	153	145	147	152	153	150	149	152	154	151	151	152	151	152	144	153	156	153	153	146	145	151	153	150	149	154	150	142	140	145	152	160	158	149	145	148	151	150	155	150	157	147	157	158	153	147	149	151	158	152	130	111	98	95	90	62	63	109	150	144	129	119	115	120	134	121	128	134	114	128	144	121	118	132	140	132	131	134	127	119	120	119	136	136	126	133	133	131	128
152	155	158	159	158	152	150	153	152	151	154	156	153	150	151	152	151	152	150	156	147	152	154	147	148	142	154	153	151	153	145	147	145	150	148	148	146	150	144	152	146	151	151	154	147	150	150	155	148	144	148	151	148	150	152	147	149	146	151	159	148	136	117	114	101	89	69	71	126	146	148	132	119	111	118	135	129	135	135	128	138	151	132	122	131	136	127	128	126	125	120	126	137	140	136	121	130	140	130	134
163	162	158	153	150	148	149	152	152	149	150	153	156	156	154	149	156	158	157	162	151	154	155	149	155	146	146	142	139	144	148	154	146	150	150	151	149	151	142	149	147	151	150	152	145	147	146	149	144	145	153	158	155	153	150	144	152	149	153	161	150	139	120	118	111	95	72	71	123	139	138	122	124	116	120	132	123	132	135	129	129	140	120	108	119	128	124	128	132	131	125	131	134	130	131	127	133	129	119	128
157	159	156	152	153	154	153	152	150	150	150	152	156	159	155	148	151	154	154	159	146	148	150	144	149	148	147	150	148	146	150	149	147	149	148	151	150	153	144	149	147	149	148	151	144	146	144	146	147	148	153	156	153	151	151	148	151	149	153	161	151	137	115	113	96	79	59	63	120	139	142	131	127	120	122	128	117	129	136	131	129	138	120	105	119	130	128	133	132	131	125	135	134	122	127	131	140	125	120	136
146	152	154	153	158	162	158	152	149	155	156	152	152	155	154	149	149	153	154	158	145	147	151	147	150	153	146	152	151	145	153	150	149	148	144	148	148	155	149	155	146	147	147	152	145	149	148	148	149	150	151	149	148	148	151	154	148	149	153	161	153	135	107	104	101	81	59	65	121	138	142	133	126	120	123	128	115	129	139	132	126	135	124	106	122	130	127	130	125	126	120	135	138	124	127	129	142	122	123	132
