171	163	156	158	163	146	153	156	147	163	155	163	161	158	156	162	155	153	149	156	163	158	158	162	156	156	161	165	159	162	156	157	153	166	166	164	164	172	161	166	162	163	157	162	157	151	158	156	166	160	159	157	167	148	151	161	163	159	158	156	153	159	160	163	149	155	165	173	159	164	148	153	158	137	127	131	132	117	143	133	100	84	94	122	129	117	120	125	124	130	145	143	143	142	141	137	137	144	138	141	132	141	147	149	134	133	137	117	116	136	136	121	122	132	135	125	131	146	141	139	135	142	134	122	129	126	129	130
164	153	150	157	156	148	153	157	154	156	157	164	155	148	160	152	156	158	146	149	160	159	162	160	149	168	174	160	154	160	155	155	163	170	164	148	159	172	163	165	165	153	148	154	167	157	154	161	151	155	160	159	166	155	157	158	160	156	159	157	158	155	157	156	160	171	161	164	157	163	154	148	153	140	128	122	135	113	130	132	91	79	98	135	142	130	142	125	134	147	139	138	142	143	143	134	136	132	133	141	139	137	141	143	132	135	138	141	131	136	133	130	134	136	134	124	122	134	147	150	128	134	126	131	134	130	128	143
156	156	158	154	151	152	150	146	149	147	147	155	150	158	165	145	156	161	148	151	157	156	163	160	156	168	169	161	159	162	155	156	159	162	167	165	169	158	162	161	161	160	161	156	152	154	158	159	155	160	157	159	156	154	164	167	161	157	158	162	157	155	165	164	158	163	158	160	154	165	165	161	149	133	133	122	125	127	115	115	94	87	102	131	141	146	146	140	138	141	142	138	146	138	138	140	139	139	140	145	142	142	141	148	138	141	145	136	133	130	124	125	142	141	138	123	122	132	151	159	128	122	115	122	132	140	145	143
154	156	160	154	153	156	157	160	159	159	145	151	164	153	154	164	155	153	153	149	157	155	161	166	155	155	146	159	166	159	165	165	159	171	169	167	174	160	160	158	158	167	170	164	156	166	158	159	174	166	161	160	163	163	157	163	159	164	163	159	163	167	163	161	161	155	162	161	148	154	160	167	150	141	139	126	114	114	111	114	99	93	100	114	137	149	143	158	146	138	134	139	137	138	132	139	133	138	149	143	146	146	146	140	140	143	149	134	125	134	130	138	137	139	127	122	124	138	146	154	133	126	126	126	127	127	138	145
157	144	149	155	159	152	156	162	159	159	154	155	164	161	155	158	161	161	160	157	158	156	154	161	160	164	153	165	157	158	162	168	161	162	153	161	164	170	171	165	170	171	166	159	159	161	154	157	167	161	158	160	157	151	154	154	155	166	163	157	163	169	176	159	164	161	166	162	155	160	157	155	147	142	133	118	116	125	154	142	97	86	97	114	134	132	139	154	149	136	139	138	149	138	145	145	139	145	140	140	149	150	143	138	146	145	139	125	132	131	131	139	149	140	134	125	130	149	146	141	136	133	140	133	132	135	138	154
154	155	158	154	152	161	158	165	164	156	152	155	161	158	154	153	157	167	153	162	167	154	162	161	166	162	163	164	162	168	162	161	157	153	165	166	168	172	164	162	165	159	164	162	158	157	153	162	167	166	162	155	157	154	156	159	159	163	161	153	160	157	165	162	157	156	151	160	165	166	161	150	151	144	124	118	116	132	165	129	96	90	104	128	143	145	144	135	146	131	146	135	135	143	141	142	140	139	135	140	142	142	138	142	136	143	143	119	126	143	141	140	142	141	141	121	124	132	141	139	133	143	142	126	132	134	133	144
159	159	154	161	158	162	161	160	160	160	153	156	159	157	154	159	159	166	161	159	162	153	161	163	165	164	176	167	163	167	167	164	154	161	171	159	169	173	158	167	169	166	164	163	154	163	162	163	163	157	160	158	156	157	159	166	162	161	156	145	158	166	164	159	161	162	165	156	161	164	158	164	157	146	128	125	128	129	158	138	92	98	106	126	133	133	131	118	148	146	144	136	141	142	139	135	133	136	144	142	149	142	142	145	145	142	148	130	131	135	138	145	139	143	144	126	127	140	137	135	131	131	142	126	132	124	129	138
154	159	162	160	159	149	149	150	155	151	152	159	164	157	153	152	159	158	156	159	155	158	165	167	166	169	165	162	160	161	163	166	156	177	167	154	165	168	158	166	162	163	157	165	172	167	160	168	159	154	156	155	157	160	155	161	165	160	164	156	158	164	163	164	162	153	161	156	165	159	160	155	166	147	127	122	137	132	160	129	86	86	99	126	134	139	130	121	142	136	139	140	146	148	141	132	137	149	154	155	146	141	137	140	149	159	142	132	138	143	135	145	134	144	137	122	119	128	133	141	126	133	133	129	141	134	133	142
157	162	161	160	167	158	153	158	150	156	163	164	160	149	157	156	156	163	163	169	170	166	161	162	155	164	162	162	168	164	167	166	158	164	158	161	159	160	162	171	161	156	171	167	159	161	163	159	156	153	148	152	158	155	150	160	153	159	166	165	164	166	167	159	160	161	155	156	158	160	160	155	154	151	146	131	135	133	160	142	97	86	91	124	138	137	140	124	132	134	138	137	148	151	138	136	130	141	145	158	143	138	137	129	139	150	141	121	134	139	132	130	142	145	123	114	124	138	139	131	138	132	130	128	138	134	125	131
166	163	168	165	156	158	154	150	156	167	169	160	161	159	165	163	156	166	165	155	170	167	162	163	161	160	163	170	165	170	166	160	160	159	164	166	167	167	167	168	162	156	165	161	158	161	165	159	159	157	159	163	173	154	148	161	164	159	166	164	168	163	163	159	152	156	160	161	159	161	168	157	161	153	159	158	143	139	147	128	95	87	104	119	127	127	146	127	122	135	140	141	147	131	128	134	132	141	147	151	148	150	144	132	143	144	130	125	140	131	130	127	140	148	141	123	137	138	129	133	123	143	138	140	119	134	141	130
162	156	160	160	155	150	146	149	154	150	159	164	157	154	158	168	168	176	171	158	156	159	159	160	165	160	161	156	166	170	163	155	161	164	166	162	169	158	163	167	169	161	156	163	159	161	164	164	163	158	166	164	164	164	158	168	154	152	163	159	164	167	162	162	153	152	162	157	157	164	168	160	166	165	159	161	148	157	159	125	103	89	102	127	127	131	151	154	134	128	131	136	146	139	136	132	131	141	147	149	147	141	130	141	147	141	134	129	143	135	132	141	142	143	130	132	137	147	140	138	131	144	126	142	130	124	125	131
159	158	165	169	165	149	153	163	162	157	168	158	151	164	159	166	165	161	167	163	157	163	163	166	156	165	162	166	169	170	166	167	159	158	158	157	156	166	169	163	165	159	160	162	167	158	155	169	161	169	169	168	159	165	167	170	157	160	156	166	165	170	161	157	156	151	160	168	155	160	150	155	169	168	159	154	164	176	158	133	91	86	103	128	129	127	152	151	132	127	137	142	150	139	120	126	130	138	141	152	143	131	133	144	148	150	143	124	143	149	132	133	138	142	136	139	130	142	136	125	137	145	128	122	126	122	138	141
166	164	166	168	160	164	159	162	163	165	162	157	156	163	159	158	167	167	168	166	161	157	165	162	157	167	152	158	166	164	165	167	162	161	156	164	156	160	158	161	171	170	164	166	163	153	157	164	161	158	158	169	158	162	157	165	163	161	158	165	162	166	156	155	160	158	156	162	159	166	159	165	163	162	170	160	176	164	124	133	94	87	99	123	141	122	142	153	135	144	150	126	108	86	60	76	119	139	148	147	133	135	136	142	140	134	134	133	146	146	136	139	144	141	140	117	123	140	151	139	147	137	133	135	129	121	143	159
160	155	156	160	158	165	164	163	163	154	157	162	162	160	164	157	160	171	159	154	155	158	169	167	168	172	169	159	153	170	174	170	162	169	159	158	165	165	162	168	169	172	170	169	163	163	165	156	166	165	167	160	160	165	153	156	174	158	164	166	167	164	164	160	162	157	152	159	165	173	165	165	157	170	170	164	179	150	110	140	108	101	106	131	142	127	148	150	123	108	79	61	49	53	52	61	80	121	136	142	135	130	134	145	138	139	135	147	144	150	137	134	143	144	133	115	128	137	140	136	142	145	138	127	130	126	140	152
164	164	160	157	160	169	173	175	164	158	157	158	158	163	158	160	158	169	156	161	159	165	168	172	170	167	171	172	167	171	174	168	161	171	175	164	174	177	172	165	160	165	167	170	169	166	161	165	163	168	169	167	165	166	163	159	162	162	169	163	169	168	170	168	158	162	168	157	162	163	161	170	166	165	173	167	166	143	101	99	98	98	112	134	149	124	110	83	63	54	51	53	48	53	53	50	52	73	127	141	139	138	149	142	146	147	146	147	150	147	133	132	142	135	126	118	132	136	137	133	125	130	125	119	134	148	150	143
167	165	163	163	166	174	174	170	168	164	163	160	163	158	162	164	162	168	169	164	173	170	163	164	165	165	164	167	171	170	167	165	169	167	168	156	159	171	172	163	165	169	167	173	170	173	165	169	161	164	162	168	170	156	166	157	163	170	170	159	162	161	162	164	159	162	160	166	158	153	155	163	165	163	165	163	180	148	111	93	92	92	103	98	82	60	55	60	56	55	58	53	56	59	56	49	44	51	86	138	138	139	153	141	147	155	143	144	152	143	139	144	143	143	138	119	134	145	143	140	141	133	127	126	142	152	138	136
162	163	159	161	173	167	171	159	158	162	166	167	162	167	156	156	159	171	169	156	160	169	170	161	170	175	174	170	173	171	174	164	168	166	163	170	166	165	166	165	175	176	165	168	166	173	171	173	166	169	159	136	109	96	119	152	161	165	177	170	162	164	159	156	161	161	159	170	166	161	155	155	163	172	161	163	184	153	109	94	83	67	53	57	54	59	55	54	54	51	52	51	63	51	59	53	52	55	51	117	140	148	152	139	153	152	144	140	137	141	134	132	136	144	131	126	140	129	126	137	143	132	121	110	109	106	100	88
159	158	164	162	166	158	168	166	174	168	167	166	159	171	168	162	163	166	171	163	163	168	167	169	172	167	158	166	173	160	170	169	162	164	171	174	165	162	162	165	168	178	164	166	168	164	166	164	163	156	108	58	57	57	60	84	134	164	165	171	168	161	163	162	168	163	158	166	172	164	165	161	157	171	165	166	172	144	78	57	51	61	55	55	51	56	54	50	58	51	55	58	52	57	54	51	56	62	50	75	129	141	132	122	114	115	107	93	96	102	92	91	88	80	69	67	71	74	69	68	75	72	66	59	71	64	57	49
169	167	161	172	160	159	166	164	165	169	166	156	161	166	160	161	172	170	171	165	163	158	161	171	165	164	152	168	177	172	173	167	164	169	166	169	161	170	172	168	168	163	174	168	168	167	167	167	148	96	53	51	42	48	45	43	66	140	171	155	154	160	163	166	169	166	167	162	169	166	169	165	163	171	152	127	98	62	54	51	57	60	45	44	44	50	51	44	54	54	57	55	48	54	50	50	48	54	62	54	75	73	67	65	65	58	61	55	58	54	55	59	68	64	62	59	61	68	67	65	61	60	62	65	73	75	69	72
162	169	160	165	158	164	158	166	174	162	167	163	168	153	152	157	165	158	163	167	166	172	168	165	167	165	169	174	180	177	172	171	161	172	168	160	174	165	167	165	166	162	172	162	163	176	172	143	81	59	56	52	52	46	51	48	49	74	136	173	169	167	162	165	174	167	155	158	168	171	171	175	159	128	88	60	53	52	52	50	56	53	46	47	53	52	50	56	59	47	51	53	53	44	47	54	54	53	55	56	56	51	49	53	55	60	58	61	70	60	55	67	68	62	62	66	74	74	72	65	67	60	51	64	68	79	88	92
164	154	165	161	157	161	162	161	169	157	167	167	163	156	164	164	158	164	176	175	169	171	169	165	170	179	172	176	171	173	171	162	165	168	171	167	180	165	173	171	172	170	167	160	168	174	144	80	54	50	53	55	61	55	52	52	58	54	72	132	164	169	165	166	165	164	166	163	164	172	167	130	82	59	54	55	47	55	57	50	61	52	50	53	67	54	55	67	62	51	45	53	49	47	53	56	54	58	50	54	50	54	80	83	73	58	54	59	61	58	58	58	66	51	62	64	72	80	79	83	86	70	56	56	59	58	69	69
158	159	167	163	164	163	167	158	161	166	167	158	172	172	170	163	162	161	165	165	157	162	173	165	157	170	179	168	170	168	163	163	168	173	165	165	167	165	170	167	165	164	164	172	169	141	71	48	60	59	57	48	54	51	50	50	53	52	49	72	137	164	167	166	164	169	184	167	160	135	98	57	51	53	54	49	58	63	59	57	58	56	49	50	60	56	51	51	53	47	54	56	57	53	54	45	53	50	45	51	58	54	68	84	88	93	87	71	59	72	70	57	62	51	60	55	58	67	79	91	86	78	75	72	66	64	56	55
155	148	151	162	167	166	165	165	165	158	166	169	169	163	159	162	170	177	162	168	162	170	167	170	164	166	169	165	169	170	171	172	170	171	168	164	166	167	185	170	167	174	173	166	145	79	55	52	57	61	47	60	60	48	50	46	58	54	51	62	75	146	165	151	153	134	124	96	82	64	63	64	56	55	44	51	55	52	50	53	60	52	51	55	60	52	56	49	58	50	56	56	66	51	56	63	55	43	55	56	60	60	52	64	74	74	87	82	85	87	81	75	76	62	61	55	57	63	60	66	63	70	74	82	83	82	72	64
160	155	161	163	162	163	168	165	162	154	159	164	163	165	163	163	174	177	163	165	162	157	158	169	168	171	170	167	175	172	165	169	166	173	168	173	177	168	179	171	166	172	174	151	82	57	56	57	65	62	52	52	60	59	62	61	60	63	52	52	47	81	84	78	72	59	53	45	55	45	50	65	56	50	58	58	60	62	48	58	56	51	55	54	53	57	60	56	56	54	62	56	62	53	60	64	57	60	66	56	54	60	50	46	50	49	71	82	97	100	90	90	87	72	85	78	72	82	69	64	53	61	69	81	81	87	86	70
170	167	171	167	166	159	162	157	164	162	174	174	161	164	170	159	162	167	167	172	177	174	164	168	165	181	170	175	173	172	168	168	169	164	173	173	173	169	173	168	172	178	153	88	56	58	61	53	59	54	59	54	47	52	54	60	49	53	49	50	51	54	55	60	57	55	54	51	53	49	52	53	55	52	56	62	55	52	50	50	58	65	58	51	57	59	56	56	54	55	57	56	53	58	55	54	59	53	55	60	51	51	50	46	53	48	50	77	83	78	89	87	80	87	93	97	93	87	88	88	72	64	64	77	82	83	82	82
172	167	166	166	161	160	164	164	166	166	174	165	159	167	162	166	173	163	164	176	177	168	164	165	166	180	168	170	172	171	178	175	171	168	176	177	172	178	168	170	168	168	104	61	50	51	57	55	55	52	51	57	57	54	55	64	49	44	55	54	55	53	54	59	60	57	54	55	54	51	51	52	48	52	54	63	61	50	48	50	46	45	52	64	53	53	58	61	49	54	54	58	53	55	51	58	61	55	51	60	57	54	49	60	71	50	50	52	68	82	91	90	75	72	78	84	87	80	80	75	75	70	72	74	95	95	90	87
175	172	159	159	165	165	162	166	169	165	165	168	167	175	165	168	174	163	175	175	178	173	169	172	171	169	170	162	169	174	172	168	174	175	175	167	171	170	168	174	170	110	59	59	58	57	52	62	61	53	51	56	55	54	56	55	54	44	47	54	41	51	52	56	60	46	47	54	51	43	51	58	50	54	52	54	53	58	58	56	52	51	51	50	50	55	57	62	53	57	57	68	49	43	52	58	54	52	50	67	55	58	61	56	57	58	48	48	66	82	83	79	78	68	74	78	78	74	66	59	68	75	103	127	135	132	120	111
169	169	157	165	169	167	168	161	172	176	168	173	177	173	167	177	170	168	169	173	168	168	166	175	173	170	170	160	170	170	171	167	173	167	176	171	168	169	177	178	138	59	62	59	60	64	56	57	58	48	52	51	55	62	63	56	54	55	59	54	52	62	53	55	58	56	56	53	53	50	61	56	58	58	53	57	58	56	58	53	55	51	56	52	56	55	53	60	47	44	49	59	56	54	54	55	56	54	62	63	62	62	67	66	43	47	50	64	61	67	71	80	79	74	69	72	70	78	79	94	110	125	133	138	135	126	126	130
160	171	165	161	161	167	172	173	170	170	172	166	163	167	168	169	172	177	175	171	170	172	171	167	170	170	171	171	172	173	169	170	179	171	171	177	176	186	181	151	81	64	59	45	49	59	59	55	53	54	58	50	48	53	53	59	56	56	60	56	56	56	51	51	48	53	44	53	48	56	51	48	54	53	55	57	58	52	54	49	54	48	57	62	61	46	52	61	50	44	47	55	58	57	52	52	55	52	60	61	54	55	56	57	53	47	37	53	51	51	58	86	82	85	104	117	130	133	136	139	138	137	135	147	145	119	131	140
171	172	174	174	171	166	173	173	161	161	169	166	166	172	166	167	172	174	178	177	178	174	169	170	168	174	176	170	179	177	175	165	170	176	180	178	179	183	162	88	52	63	59	47	54	60	62	61	60	58	50	50	53	61	55	62	55	39	50	60	55	54	51	51	45	55	37	54	47	46	52	58	56	56	56	56	49	55	52	52	52	55	54	46	53	53	59	56	52	46	48	46	53	59	52	58	55	49	53	55	48	51	60	60	55	47	44	58	49	55	61	84	100	120	139	129	148	141	157	145	137	140	148	141	129	125	147	142
171	164	165	171	175	168	175	170	166	177	175	166	173	169	167	160	156	160	163	170	174	174	173	175	175	167	179	175	178	176	171	167	173	173	174	182	181	162	91	51	51	50	55	58	50	55	56	60	56	59	54	53	58	58	49	51	49	53	59	57	51	52	50	50	59	55	47	60	53	49	57	58	55	55	49	55	54	58	61	50	60	56	59	53	54	55	52	61	55	47	53	58	57	59	52	52	53	49	56	54	65	68	62	57	52	53	61	49	37	45	60	72	78	78	84	79	82	86	96	102	98	109	108	116	111	107	123	116
169	165	156	159	174	171	168	162	164	174	174	166	171	173	164	167	163	162	167	164	166	176	179	174	166	173	168	170	172	173	176	174	165	164	164	172	155	92	52	47	63	59	52	55	60	65	55	52	54	55	63	53	57	57	56	46	49	55	50	44	57	55	56	52	56	56	58	54	47	48	54	51	48	56	51	53	57	66	60	49	55	55	57	55	55	58	51	58	52	56	62	57	56	68	61	54	53	51	52	63	63	61	58	61	57	48	52	47	46	48	58	52	54	59	62	64	56	62	73	83	77	81	67	66	54	60	66	64
181	166	163	166	173	173	166	161	173	170	173	161	164	165	168	160	173	166	169	172	175	173	173	174	171	171	179	169	175	169	169	164	170	173	167	135	82	61	49	57	65	60	57	61	60	56	56	58	51	59	57	50	52	56	56	51	51	52	59	54	64	58	55	54	48	48	58	49	51	55	58	50	48	52	60	58	61	55	46	57	53	53	60	54	57	54	51	66	53	62	63	54	55	61	53	49	55	57	57	58	59	59	54	62	62	50	46	51	45	49	51	50	59	52	57	65	67	81	76	83	79	89	92	92	66	52	55	61
179	174	174	180	168	167	163	168	170	177	171	163	156	170	171	173	168	176	171	181	168	167	167	169	163	172	179	171	172	178	173	171	169	164	96	64	55	56	49	53	63	63	63	54	52	58	58	62	55	58	61	58	56	57	56	55	54	52	63	66	50	46	54	61	47	46	59	50	52	54	55	48	53	50	56	58	62	60	50	49	53	58	61	56	51	51	59	54	48	54	59	55	62	61	56	55	53	59	61	56	52	59	56	52	58	54	52	50	51	49	44	50	52	44	45	54	63	68	70	74	70	76	95	96	95	82	60	67
178	170	164	174	167	170	176	171	168	180	171	169	168	179	175	183	177	177	162	168	165	166	167	170	166	179	177	167	173	176	170	167	172	123	54	56	54	57	49	52	60	64	55	47	52	54	65	56	48	52	47	49	56	60	58	62	63	55	66	69	52	45	47	62	53	51	59	52	59	48	41	46	58	57	49	56	50	51	54	56	44	62	62	53	49	58	58	55	57	52	54	56	55	59	59	62	56	53	55	59	59	59	55	61	66	61	56	52	56	54	51	64	56	50	57	70	66	67	59	56	63	78	90	87	96	98	77	77
178	175	178	173	176	163	166	167	171	182	176	166	169	180	173	167	175	172	163	164	165	170	174	176	178	173	179	176	171	179	172	179	170	93	50	52	53	53	59	57	59	62	61	58	50	60	68	52	51	48	46	54	51	49	58	56	59	50	52	58	50	46	54	64	61	67	55	42	52	43	46	49	54	54	62	63	48	51	53	52	55	67	57	55	48	62	48	52	62	56	66	65	65	67	53	54	56	56	50	61	63	55	57	54	51	48	56	56	59	53	46	45	56	58	64	78	69	65	63	61	61	76	87	95	89	102	92	88
173	175	170	170	175	166	161	169	177	169	171	163	169	168	175	167	171	176	169	175	175	166	165	174	181	175	179	173	170	177	175	176	170	86	56	57	62	52	57	54	55	51	50	58	50	62	57	51	55	55	54	52	57	59	54	59	64	57	52	57	56	52	50	55	62	62	60	47	54	49	50	52	54	60	69	60	57	62	63	63	57	51	54	57	45	53	55	57	55	57	62	58	59	62	57	60	57	53	54	51	48	48	52	45	51	52	65	53	56	54	42	50	51	55	56	62	75	75	67	63	61	72	95	93	73	85	105	95
181	176	167	162	165	167	171	173	174	157	163	159	166	167	172	169	182	171	168	177	173	171	173	170	169	171	176	182	168	173	171	174	166	75	55	63	65	57	58	53	50	54	54	47	48	52	57	52	60	55	55	61	52	56	55	56	53	52	63	57	58	53	47	48	51	58	55	52	50	53	55	65	54	58	54	59	50	56	61	61	63	61	63	59	55	62	59	47	52	54	54	50	49	56	46	49	58	51	51	58	50	48	46	43	46	46	49	42	49	54	47	47	55	63	64	60	68	67	70	63	60	69	87	94	64	83	101	84
177	171	167	168	169	159	174	174	166	172	167	164	165	172	172	174	177	165	174	177	176	165	168	158	163	174	185	182	169	174	178	179	168	72	57	62	54	57	60	56	53	53	64	56	47	54	55	45	48	54	61	51	51	56	58	52	57	57	57	54	68	56	57	56	60	58	53	53	55	63	60	59	55	53	49	51	49	52	56	61	47	48	51	51	52	58	61	51	53	48	55	46	53	53	42	57	60	48	50	59	58	61	62	60	58	58	47	48	56	56	60	58	78	74	78	73	66	68	71	61	57	54	79	95	70	74	95	87
173	160	164	174	168	167	173	171	168	174	171	163	158	163	167	177	178	170	173	167	172	166	174	174	173	175	181	180	175	176	171	170	162	74	56	60	58	66	55	51	56	59	63	54	62	58	48	54	49	50	54	48	60	53	53	51	53	58	61	50	57	59	61	59	46	51	54	49	53	54	58	52	58	58	49	49	53	49	55	52	47	58	55	54	45	53	59	53	52	54	52	50	54	54	50	57	55	56	52	53	58	59	61	65	62	57	49	62	60	54	58	59	85	85	89	79	85	78	58	69	56	52	63	76	66	52	58	66
180	173	171	175	170	181	172	170	173	177	172	164	173	172	172	180	178	171	167	168	165	171	172	176	168	169	172	169	177	180	174	181	169	77	54	63	61	64	61	57	57	61	59	54	55	47	49	59	61	64	59	57	59	52	55	51	59	56	46	55	57	47	52	56	48	55	65	53	57	60	48	46	58	57	52	56	54	53	62	59	56	57	57	64	53	45	52	48	54	55	56	58	62	56	55	55	51	59	61	53	52	58	59	61	55	48	49	58	65	60	57	67	79	86	95	88	95	91	86	84	67	62	57	58	60	58	68	91
169	174	171	168	169	172	176	174	169	172	167	171	175	175	171	174	176	177	173	178	170	169	166	164	164	175	178	171	177	174	177	180	166	73	61	59	58	54	52	52	61	56	56	52	51	55	59	50	53	55	51	51	61	55	58	52	58	60	53	62	57	56	60	58	48	50	52	49	48	55	50	58	66	53	58	59	57	61	65	53	54	52	58	57	59	60	60	62	65	57	60	59	59	56	59	57	50	55	54	60	58	51	60	54	46	51	50	51	57	53	58	68	81	92	93	94	112	116	132	129	124	108	103	108	117	125	123	125
165	180	173	167	173	170	166	177	170	178	167	172	169	170	169	169	174	173	181	181	181	174	178	170	165	170	166	170	180	175	180	182	163	72	62	51	53	50	50	49	58	60	51	51	60	58	48	52	60	58	62	63	54	57	54	48	56	54	59	72	73	65	68	71	62	44	55	46	53	58	63	60	61	57	61	63	65	54	46	55	57	64	60	51	52	61	60	65	65	57	58	58	58	64	60	57	58	60	60	61	60	56	56	57	59	57	56	56	59	62	63	79	103	105	123	137	149	152	143	134	136	144	141	140	130	135	123	118
179	188	176	172	170	166	172	180	176	166	175	167	156	170	179	166	169	173	181	183	175	180	173	167	168	180	172	180	181	177	175	177	162	78	54	55	59	51	53	56	53	54	55	54	58	51	51	59	62	55	59	60	54	56	53	56	60	55	62	75	80	67	69	63	64	51	50	46	55	62	57	64	55	58	56	60	58	55	54	53	52	57	54	53	58	59	55	66	60	47	62	58	60	54	49	52	47	56	52	56	58	58	54	52	60	66	71	101	117	107	111	126	137	134	145	144	144	137	132	136	137	136	120	124	122	131	129	117
174	176	186	177	175	174	173	176	168	166	179	174	172	169	172	175	177	171	173	183	170	176	173	178	171	170	174	177	179	175	170	177	153	71	65	55	62	52	46	53	53	61	58	60	48	53	59	60	65	57	61	55	53	60	50	45	55	65	59	72	81	74	66	63	67	60	58	60	51	54	51	53	47	56	52	57	59	62	61	55	50	58	55	56	52	59	57	58	62	50	56	51	56	66	59	59	52	55	56	54	55	56	58	68	100	110	119	125	139	126	132	141	134	133	137	137	144	137	144	136	133	131	123	135	134	145	149	135
173	174	181	183	179	172	172	170	167	167	164	177	177	176	179	177	182	179	177	174	161	174	173	179	177	173	174	171	169	176	175	178	132	56	53	58	63	58	57	56	58	58	59	70	54	48	51	61	54	53	56	58	52	59	52	50	81	84	60	69	88	85	72	70	70	66	64	73	54	51	50	56	61	63	57	54	46	53	56	55	45	57	58	55	56	49	47	55	62	50	53	54	53	64	63	60	52	63	72	75	93	120	139	142	151	146	130	122	141	121	127	134	127	146	147	135	146	137	137	137	139	130	125	138	134	130	132	147
166	171	177	173	169	169	171	176	174	181	168	176	171	173	168	178	176	173	171	176	182	171	171	170	168	171	174	182	178	183	179	153	79	50	60	63	60	62	68	55	55	51	55	62	57	56	50	60	54	47	53	52	58	53	57	57	94	65	54	54	78	74	65	62	70	70	55	56	58	55	48	53	54	53	57	57	51	62	53	53	52	57	62	61	52	58	56	61	61	45	46	53	52	59	72	80	85	109	140	145	132	153	147	146	139	131	123	122	148	118	122	135	134	134	137	132	139	128	135	140	148	125	128	127	135	145	137	137
170	172	173	176	167	163	171	173	174	180	177	181	184	172	167	176	179	172	172	178	182	168	171	178	177	179	181	182	142	146	110	73	52	58	60	51	59	56	51	57	47	49	57	57	59	62	57	55	52	52	50	46	44	45	49	55	58	54	59	53	72	74	58	64	60	66	60	51	71	61	51	55	62	60	55	56	52	57	53	55	65	59	61	59	55	60	55	59	59	51	50	61	74	93	118	127	138	139	144	148	134	144	148	138	131	127	129	132	136	107	125	132	136	143	140	138	139	132	135	143	144	127	128	134	139	131	134	135
182	178	182	176	171	167	174	180	180	170	176	185	179	175	171	170	178	172	171	175	184	185	180	182	166	160	142	104	60	67	55	54	56	59	52	46	53	52	48	58	43	50	58	53	52	57	54	53	55	58	55	54	52	48	48	85	93	55	51	61	66	66	55	64	63	58	61	53	61	57	59	64	61	60	53	55	60	54	56	59	69	54	57	57	60	63	52	61	72	62	67	100	127	145	137	126	139	129	141	154	142	141	145	142	142	141	128	128	132	109	133	124	132	132	128	127	132	145	140	145	153	126	121	111	101	94	86	79
171	178	177	174	164	170	173	170	182	178	176	173	171	167	172	180	173	163	175	182	175	174	169	112	87	64	60	46	49	55	55	50	58	59	84	115	110	85	66	63	57	55	60	59	52	52	52	56	56	61	51	57	55	56	94	120	69	48	46	52	48	57	53	57	60	51	61	71	54	45	56	58	57	56	57	56	57	55	48	53	57	56	56	53	64	87	124	120	118	134	140	155	148	140	137	142	137	133	146	158	148	143	134	142	154	142	134	130	138	111	137	133	134	132	128	132	145	136	117	122	110	86	78	73	84	93	97	95
166	166	168	174	172	177	174	168	176	181	186	175	174	175	175	180	180	177	176	188	135	99	85	44	49	55	59	49	55	61	58	47	45	65	85	121	167	187	145	103	90	59	58	61	48	53	54	61	58	60	47	43	55	105	126	70	47	55	53	49	51	50	46	48	49	60	61	64	58	55	56	60	64	55	55	53	58	57	58	53	55	50	52	90	127	165	205	164	135	146	147	154	141	140	134	138	138	131	144	152	138	144	151	143	144	145	139	120	131	121	134	125	114	106	103	107	97	82	74	78	74	89	96	118	136	158	164	175
174	174	176	178	178	175	186	182	176	176	183	179	170	168	170	178	178	172	186	158	76	64	56	55	49	52	40	54	62	63	51	47	49	79	97	107	132	172	156	132	147	119	126	111	107	105	65	63	57	47	50	51	100	118	68	56	44	53	57	46	52	52	52	63	55	59	51	52	56	56	57	59	56	58	50	52	57	60	74	64	74	81	69	125	158	168	210	153	128	143	140	152	133	138	132	130	138	142	148	148	126	147	152	148	151	144	134	122	111	103	86	65	77	85	85	94	113	102	111	137	148	164	179	200	208	213	211	220
165	177	171	176	169	174	175	175	172	179	174	178	179	167	172	176	173	179	180	103	65	63	53	54	45	50	47	51	59	64	56	46	48	65	99	125	126	128	151	159	131	111	115	106	114	80	59	58	56	50	57	97	110	61	52	60	60	51	51	50	57	58	56	64	58	55	55	45	56	58	58	54	56	58	57	82	106	135	175	152	159	115	70	128	153	164	211	156	146	149	141	154	142	142	135	134	151	155	153	151	130	144	132	124	120	107	93	78	65	44	55	53	67	73	151	188	199	178	196	214	213	210	204	204	192	179	160	143
172	184	174	175	172	170	168	178	177	178	175	174	168	175	178	179	170	183	152	69	53	62	53	53	61	56	50	53	66	107	104	92	66	60	67	98	106	106	135	142	103	82	55	57	53	57	58	50	54	63	108	95	57	51	45	50	62	51	45	51	55	58	57	56	61	58	59	46	48	49	53	55	66	76	111	153	177	190	195	166	159	117	68	119	154	163	210	163	151	156	139	157	151	142	145	142	142	144	145	128	88	79	69	66	59	46	47	43	56	55	58	71	68	97	185	206	210	206	203	191	171	155	140	135	140	136	127	123
175	176	179	175	178	174	173	177	178	165	175	176	174	173	173	179	177	179	130	58	53	58	50	50	55	46	49	65	93	139	120	116	134	73	68	83	86	90	118	128	105	80	54	62	51	57	56	47	71	121	108	58	50	54	44	44	52	55	47	52	55	65	60	62	60	54	50	52	49	58	74	105	133	147	161	170	184	184	199	163	156	107	71	110	146	166	221	165	141	148	153	164	155	140	127	107	92	82	75	56	47	50	94	88	55	53	60	76	99	113	123	129	117	103	148	199	209	161	134	148	135	114	122	132	143	136	127	126
173	179	180	180	179	168	176	178	182	169	175	174	182	181	177	178	179	175	111	41	52	50	54	55	52	52	53	65	74	80	122	114	133	107	84	64	54	66	85	84	70	53	53	57	57	60	54	61	116	104	67	59	51	57	60	46	48	55	50	63	74	65	51	55	51	51	46	65	94	129	146	169	170	167	164	157	177	188	199	155	157	103	68	114	135	165	214	177	147	153	132	111	82	68	65	61	57	51	55	49	57	72	166	157	124	134	127	125	104	89	81	84	93	98	119	155	153	150	134	138	127	116	127	141	132	131	132	124
165	176	182	184	171	179	177	179	182	175	180	177	175	173	177	173	173	181	118	53	59	55	53	55	52	49	61	59	56	70	130	131	123	122	101	73	50	57	68	59	45	52	58	53	59	60	72	118	101	64	54	53	48	65	61	52	50	56	55	58	64	58	46	55	59	84	114	154	160	166	161	168	167	167	171	156	180	194	189	153	164	101	58	118	152	154	155	110	79	75	62	50	44	61	56	57	69	78	94	113	114	124	176	180	99	83	79	90	92	97	118	128	149	154	139	130	136	137	133	134	114	118	131	133	130	133	135	125
170	176	169	174	174	177	186	180	177	175	179	182	187	183	179	175	177	185	137	50	50	48	59	57	51	52	60	59	53	52	55	63	114	144	128	102	74	52	56	57	57	55	57	62	57	69	120	101	62	59	46	58	54	49	55	63	55	50	56	56	52	46	51	58	60	98	162	171	164	166	161	165	166	176	185	165	175	194	188	152	154	98	66	79	76	62	60	56	53	51	53	68	79	98	115	116	119	117	97	84	77	92	133	134	120	127	138	117	112	134	144	120	129	141	145	133	140	142	120	129	130	127	132	136	135	138	140	126
176	176	178	181	171	179	182	179	176	181	184	186	189	183	182	179	185	181	150	55	47	58	61	46	48	52	60	56	49	64	84	98	131	148	147	120	103	70	53	50	55	46	56	66	55	117	86	53	45	49	50	57	55	53	43	63	65	62	45	41	54	56	56	54	51	54	112	167	166	164	165	167	168	179	185	163	162	134	118	87	75	58	51	47	50	62	70	72	94	103	111	115	115	99	81	73	70	64	78	116	145	153	150	141	148	141	146	107	106	143	130	118	120	131	135	140	142	138	137	137	145	132	141	138	134	138	135	120
172	181	179	186	175	182	180	190	182	184	184	179	179	179	190	174	176	174	167	72	47	56	52	52	58	62	46	46	59	133	164	166	159	158	160	138	119	107	65	48	42	41	50	61	93	107	54	52	51	50	52	55	46	55	51	60	52	48	46	50	53	45	49	41	50	49	57	132	167	164	160	153	130	118	94	70	66	45	45	46	64	73	76	95	115	115	117	100	95	76	81	86	103	97	73	71	103	136	163	156	144	139	138	150	138	140	139	116	119	146	135	129	126	136	134	135	141	136	128	140	145	125	133	132	124	135	134	139
168	170	179	176	184	185	179	178	182	188	187	171	174	179	175	182	184	180	182	95	47	44	57	51	51	56	57	55	110	170	159	181	174	169	159	150	117	117	101	78	86	68	62	70	115	74	57	61	55	54	55	57	49	54	45	52	51	59	52	51	58	47	41	48	49	47	42	74	110	104	74	67	56	56	43	60	73	80	88	102	112	116	100	84	83	90	118	115	115	128	144	136	106	96	117	155	162	142	146	139	131	131	142	150	143	138	135	113	124	134	132	132	138	132	140	133	139	138	131	141	132	127	128	141	132	135	136	123
173	170	176	178	184	183	178	168	178	171	177	179	178	176	173	165	165	176	183	140	52	38	59	52	56	51	48	68	155	157	129	172	167	171	158	137	119	123	122	121	170	159	120	76	122	70	57	55	54	53	48	53	57	50	37	50	55	50	55	54	45	51	43	43	48	46	37	52	50	54	62	60	77	101	98	105	107	100	82	81	86	75	83	114	146	132	144	136	144	130	109	102	135	164	162	156	136	129	151	141	130	146	142	152	152	139	135	116	131	128	129	138	145	142	140	128	135	135	132	148	140	128	122	135	142	131	138	133
180	172	178	179	179	172	176	171	180	181	174	172	175	178	175	172	175	177	178	177	98	52	54	55	60	46	48	87	166	134	81	136	171	161	136	117	112	115	146	155	165	173	172	145	135	86	88	59	48	55	52	50	60	56	55	54	63	56	48	51	48	42	52	45	49	61	66	74	86	95	101	95	87	87	84	94	123	139	155	131	146	113	99	126	140	124	85	92	106	115	149	151	154	145	144	141	140	139	143	135	125	150	135	141	152	137	122	115	124	126	130	138	137	138	143	127	133	123	111	135	149	131	131	132	138	131	123	131
176	186	177	172	185	173	173	178	178	174	176	185	179	184	182	179	172	172	180	182	158	80	49	58	49	39	46	101	163	108	81	168	177	143	126	124	111	157	182	174	171	167	170	154	129	115	138	149	111	79	58	55	53	58	81	62	64	65	50	61	64	64	78	87	87	88	96	73	75	81	92	106	123	139	155	173	192	204	191	151	153	101	63	80	107	98	84	122	152	160	164	151	140	135	149	143	133	135	149	134	130	134	133	139	147	139	120	114	131	128	120	138	125	131	141	135	136	143	127	138	143	134	137	130	130	137	135	122
176	187	179	182	176	169	166	173	170	172	175	178	178	182	185	169	170	168	175	177	185	144	74	56	54	48	41	65	115	118	116	178	187	163	111	147	156	169	172	159	169	175	170	169	175	134	136	173	176	164	127	65	57	118	136	100	104	88	65	106	116	111	85	71	69	64	52	58	111	146	145	150	151	149	151	160	168	178	179	142	145	94	73	100	108	133	156	139	137	139	155	146	137	143	145	135	136	141	145	138	133	142	141	140	139	137	130	123	127	125	120	140	130	133	132	130	139	153	139	129	141	134	147	141	136	148	142	125
176	173	177	180	169	166	165	175	172	176	172	173	175	176	179	172	175	172	176	184	179	151	110	64	53	55	52	65	82	93	110	115	150	152	100	103	107	97	94	98	94	117	161	168	141	87	132	182	163	176	154	71	52	58	55	110	155	115	62	62	55	64	65	76	78	80	78	76	97	103	94	90	95	99	102	100	99	108	104	91	96	91	99	139	139	111	88	83	92	94	96	103	93	100	96	92	101	100	97	111	147	146	142	152	130	132	137	129	136	111	120	138	141	136	131	126	134	135	125	129	145	134	145	146	138	135	130	127
186	176	185	183	176	169	177	182	174	172	169	176	181	183	179	178	167	174	173	180	175	159	114	76	59	57	54	48	63	84	91	99	92	88	76	75	86	87	77	79	85	86	88	149	135	85	114	163	182	171	136	90	70	47	54	106	89	65	56	49	57	103	139	145	152	158	164	159	152	151	157	152	160	163	161	158	166	160	159	153	153	162	162	139	90	99	119	137	155	141	120	141	136	138	132	130	134	132	118	119	142	145	142	147	143	136	119	116	141	123	123	125	132	154	135	135	133	131	129	136	130	132	145	141	135	141	132	131
182	183	181	185	174	173	175	178	172	172	173	173	176	181	168	180	171	180	184	180	175	177	176	142	94	68	85	87	70	98	112	107	83	75	82	104	85	76	70	74	75	95	74	109	124	102	122	184	196	172	131	94	72	55	60	91	103	103	67	46	64	165	199	188	191	199	196	203	198	195	196	199	203	199	203	197	203	197	200	201	200	209	200	147	98	104	156	183	197	192	177	197	191	189	193	193	199	192	191	170	145	130	145	142	141	149	118	124	151	117	126	132	132	143	134	131	144	144	138	130	133	134	133	131	136	144	140	132
175	181	183	183	177	186	168	172	173	175	171	178	175	177	176	180	178	178	173	176	182	172	179	180	169	153	149	113	68	92	108	94	101	90	104	112	81	74	75	66	67	79	75	107	134	178	199	208	203	178	139	70	48	59	66	108	159	133	55	46	66	108	119	113	104	124	125	139	146	145	147	136	137	142	137	138	149	147	151	154	154	160	152	129	117	122	137	141	144	146	139	154	140	145	137	137	139	137	138	141	149	144	150	149	138	132	127	127	134	109	124	129	130	147	139	133	129	134	152	142	134	130	133	130	128	134	141	131
185	176	184	172	178	176	170	173	174	181	175	184	195	175	170	169	177	182	175	175	174	175	171	176	185	183	167	119	77	96	92	109	151	129	91	105	79	75	79	74	85	91	76	104	135	212	213	195	201	198	200	97	45	63	71	122	148	109	77	67	57	56	61	59	104	154	150	148	155	155	153	152	157	163	149	137	159	170	171	154	154	114	125	167	164	118	79	82	122	134	146	144	138	134	134	136	133	130	145	146	146	143	150	143	137	131	127	124	138	133	140	126	129	145	140	138	133	129	138	133	139	137	134	126	124	124	121	116
177	178	177	171	166	174	181	168	169	176	170	178	183	173	173	168	178	177	177	182	172	176	184	175	182	181	168	149	95	99	86	130	171	110	90	88	77	81	84	82	90	87	67	112	131	214	217	215	220	209	206	100	53	51	56	80	112	88	78	88	59	49	45	80	154	163	159	163	157	158	156	156	160	162	148	139	155	171	177	160	151	121	124	185	171	107	80	84	129	141	136	139	142	134	129	139	138	132	142	149	148	138	155	143	136	146	130	132	144	133	150	133	127	141	139	144	139	129	137	117	130	112	126	121	138	132	134	133
175	171	180	183	178	174	170	164	166	178	167	174	177	176	173	179	184	166	180	182	168	174	185	180	175	174	175	162	114	102	86	124	181	156	166	131	80	78	76	92	111	90	63	123	141	206	219	217	188	161	154	68	57	43	47	46	58	59	63	69	59	50	75	148	167	171	159	158	156	161	159	159	166	165	162	159	159	172	182	153	141	132	112	117	137	146	90	94	131	145	144	141	140	138	129	128	139	146	142	144	141	144	156	158	139	145	133	131	138	137	140	134	137	148	139	128	130	136	140	135	135	123	144	136	131	121	132	136
175	173	179	181	174	166	168	163	169	171	170	173	177	174	168	178	187	177	184	185	168	173	186	182	171	175	179	161	147	126	85	113	168	114	103	86	74	85	81	106	128	96	87	143	155	198	181	147	139	147	86	63	57	46	56	54	49	59	59	60	71	61	58	97	133	160	158	158	160	166	161	161	139	115	119	123	124	175	184	158	131	149	114	101	116	147	143	111	129	133	142	150	138	139	132	126	138	132	136	148	149	149	158	144	125	135	137	143	150	140	130	142	139	148	142	117	123	137	130	119	128	138	149	136	116	113	121	125
170	175	181	178	166	175	179	173	175	174	171	170	176	176	175	182	178	165	174	172	170	168	182	178	169	177	182	165	176	168	103	137	178	127	98	81	77	111	95	102	102	88	92	123	146	165	164	142	124	72	58	48	51	57	60	49	47	55	56	66	65	67	58	50	58	96	134	157	163	162	140	110	109	100	110	112	132	179	182	171	149	143	98	88	123	118	151	163	122	135	144	140	136	135	132	124	122	126	141	142	147	146	158	142	126	133	135	143	143	138	130	142	137	140	134	135	135	134	124	135	132	126	143	135	123	123	130	125
164	176	172	169	170	170	177	177	171	171	172	170	163	176	176	179	171	179	181	169	172	172	179	167	168	172	173	173	180	172	127	139	135	99	115	128	143	146	99	78	81	86	63	65	84	80	91	76	53	52	58	64	72	61	58	52	58	55	89	140	117	94	77	69	64	56	60	80	115	146	124	107	123	132	145	137	138	171	169	178	169	148	115	111	126	112	106	149	151	116	143	144	137	131	125	131	133	132	145	138	142	146	151	142	126	140	141	137	144	146	136	132	130	144	135	131	132	130	138	145	140	137	140	134	122	144	141	130
171	179	169	167	174	172	171	173	174	172	165	169	165	168	173	173	171	167	177	173	178	175	178	176	164	171	165	171	167	172	102	100	81	64	82	122	123	120	95	77	80	86	66	65	68	59	80	68	57	55	87	145	150	115	80	66	68	92	149	169	167	170	150	118	77	76	63	47	54	68	83	119	131	127	147	137	142	150	156	157	145	153	120	106	108	111	84	99	139	153	120	140	136	133	129	129	136	133	136	138	148	141	148	140	128	150	144	137	139	140	135	132	138	140	132	123	135	135	132	135	149	144	142	132	129	143	131	130
182	181	177	180	179	171	173	177	184	173	167	171	181	177	171	170	174	164	171	172	170	167	179	170	166	166	166	168	174	178	125	92	126	128	124	140	144	166	138	121	90	77	62	59	68	60	83	64	59	100	151	160	158	171	160	129	124	151	163	166	158	166	167	177	152	125	101	76	65	65	55	60	79	108	140	147	142	134	138	156	154	156	124	105	100	117	112	102	123	162	154	115	128	131	135	139	132	139	139	138	150	141	150	147	142	150	138	132	143	149	140	129	126	143	136	127	144	126	135	143	140	131	146	145	136	134	151	143
176	176	175	176	178	173	174	176	169	168	172	178	179	172	174	172	181	173	166	174	174	169	171	168	167	170	175	173	165	170	174	148	162	115	100	132	135	169	109	117	121	106	66	55	83	95	119	121	134	161	160	161	163	166	171	162	169	157	161	173	169	161	167	169	166	174	166	139	100	81	70	62	55	51	68	108	132	149	147	143	129	145	114	100	95	122	137	117	135	140	160	165	126	118	135	137	133	136	146	150	152	138	145	136	146	145	134	130	136	140	139	139	143	145	129	132	133	117	131	134	138	137	138	134	132	145	146	122
170	172	174	174	177	177	165	169	169	169	171	188	179	175	177	177	174	174	168	171	173	175	181	176	176	174	169	170	169	167	164	158	177	128	102	121	136	184	99	125	164	165	128	119	158	165	177	162	165	166	164	165	172	164	166	157	161	154	155	154	165	166	173	173	171	163	158	167	175	148	115	82	69	62	63	60	72	104	116	139	138	157	117	109	108	113	117	126	151	145	141	165	170	128	130	134	129	131	129	140	135	128	138	142	142	141	129	145	147	148	144	143	151	146	130	136	130	130	138	134	134	140	141	136	119	131	135	139
174	175	171	176	179	168	169	169	172	179	175	178	177	171	170	178	169	165	175	178	173	175	171	180	172	168	171	163	175	166	157	162	185	129	116	151	160	189	116	125	171	173	173	172	167	163	171	161	163	167	173	164	155	159	153	164	171	167	157	160	165	162	168	166	170	164	155	161	178	178	174	154	125	88	73	72	60	57	61	83	111	135	139	135	122	102	113	114	139	148	152	145	148	166	121	126	132	137	144	138	139	134	139	143	132	135	128	143	144	143	145	151	153	149	137	126	132	126	143	144	133	140	137	129	123	131	141	138
181	181	175	176	170	168	167	175	177	165	163	171	176	178	171	180	173	169	169	170	172	168	173	182	169	172	170	174	177	171	165	163	185	130	143	169	164	178	109	128	174	168	177	163	154	149	156	161	159	163	165	157	162	178	166	161	160	155	162	166	168	158	154	159	160	164	162	163	178	182	181	168	169	164	138	110	72	62	58	47	49	69	104	132	126	125	134	115	136	148	150	143	121	130	162	134	116	139	147	137	140	135	140	143	140	131	144	142	135	142	139	134	137	143	126	131	136	120	135	134	137	136	140	135	124	137	140	140
177	167	169	179	182	169	173	175	185	172	168	168	174	171	179	174	176	177	178	173	177	172	175	173	168	172	173	183	175	169	162	179	172	168	169	168	156	184	102	128	178	164	166	166	171	163	161	163	166	158	159	159	162	169	163	157	155	155	164	163	155	153	151	163	159	167	170	168	183	184	174	176	168	172	174	175	155	110	80	71	68	57	62	69	87	109	131	119	130	142	151	144	123	128	143	165	119	117	139	146	143	135	133	135	133	137	140	138	144	136	149	152	145	130	124	132	133	134	139	128	134	142	138	143	139	127	115	141
174	164	165	170	166	168	173	173	170	167	163	167	177	170	169	178	179	170	167	174	168	175	177	168	174	170	166	164	173	176	170	181	175	166	167	169	131	122	68	121	174	164	162	165	168	168	158	159	161	160	159	160	160	168	159	161	156	159	156	157	160	161	156	161	156	161	161	163	178	186	175	179	164	165	144	163	171	168	150	117	77	63	68	58	62	60	86	110	137	146	154	144	136	131	132	146	161	134	128	144	138	132	129	144	131	144	147	140	149	143	148	145	137	147	146	150	149	136	132	138	131	133	135	142	136	122	119	132
165	169	173	167	165	172	171	171	166	175	175	177	176	156	166	179	174	166	164	169	168	167	168	161	170	171	167	165	169	174	164	166	166	171	169	172	114	89	47	110	172	167	155	161	164	164	165	167	163	165	160	158	170	163	161	163	168	163	155	167	171	172	158	159	154	161	160	157	170	188	168	175	170	157	153	166	174	163	168	158	114	96	84	68	69	66	48	59	77	108	145	138	130	120	129	131	127	167	141	129	144	134	144	147	127	145	143	135	137	141	143	136	143	147	144	132	135	127	143	144	155	144	141	135	132	131	139	135
162	170	172	164	167	166	169	171	170	166	172	166	167	160	180	180	167	168	166	159	164	161	168	173	167	162	173	167	159	164	161	153	164	169	173	169	149	137	113	139	160	163	156	161	156	162	161	163	157	158	155	159	163	156	164	160	163	168	162	167	164	159	160	158	160	168	164	158	162	187	182	178	170	178	171	169	176	172	157	139	76	80	84	78	80	71	54	53	52	52	71	95	116	129	131	128	124	137	162	128	125	130	141	143	134	134	123	125	140	149	150	133	147	145	140	138	139	135	131	144	152	131	133	135	143	141	134	140
173	166	164	167	163	170	173	167	163	165	174	174	170	167	165	167	174	171	167	160	163	164	165	169	173	164	167	165	167	168	169	167	171	158	165	170	179	171	171	171	173	168	160	166	165	165	172	165	168	172	165	170	155	157	163	165	159	158	157	157	162	153	156	159	171	167	159	158	162	181	185	171	166	186	171	166	173	163	158	161	124	136	135	145	136	126	91	78	72	60	53	50	63	80	104	124	137	134	150	156	132	125	131	139	140	143	134	128	143	148	155	138	144	146	133	136	143	145	127	139	139	140	133	140	133	137	125	126
171	166	166	170	169	171	172	164	163	162	159	166	178	175	165	165	176	173	160	166	167	163	170	170	175	168	166	168	166	163	162	165	167	165	166	172	171	168	166	168	169	166	162	162	173	177	171	168	166	165	167	164	163	164	166	161	164	168	159	161	168	164	159	163	164	166	159	164	163	167	166	169	174	187	183	172	174	159	161	132	81	90	106	103	97	100	113	122	124	85	74	67	61	51	61	73	102	126	149	146	166	145	133	142	141	134	132	141	132	136	143	141	140	138	133	131	141	133	113	125	141	133	132	153	149	144	122	124
164	171	179	169	169	168	165	172	171	166	166	166	172	169	174	172	173	179	171	173	169	171	168	162	170	172	167	167	171	167	173	172	167	167	169	162	168	167	170	163	162	162	154	154	163	171	164	160	163	164	167	158	164	168	163	152	159	163	159	154	165	169	162	156	167	163	158	155	153	169	162	166	190	191	179	168	174	168	157	148	103	110	114	110	91	101	109	117	148	144	132	105	66	60	64	55	52	65	94	121	141	167	142	122	132	133	139	139	144	139	135	134	147	140	135	128	132	140	131	137	128	130	137	132	138	139	127	139
167	168	179	167	164	183	173	167	170	167	170	164	172	172	173	168	162	166	184	173	166	159	172	170	173	174	167	161	172	168	170	171	164	176	168	168	163	168	171	167	169	173	169	168	155	160	157	168	162	159	162	158	159	160	163	157	159	162	154	150	151	163	161	159	164	162	154	154	163	172	155	151	182	186	182	166	165	170	155	140	105	106	111	101	93	106	119	119	145	144	136	141	117	99	78	74	61	65	54	61	94	128	176	177	139	133	138	127	141	152	148	141	135	143	137	146	135	125	135	136	134	135	136	136	134	133	129	134
163	169	167	173	174	169	167	164	167	166	161	162	172	171	169	172	172	171	178	171	158	161	172	165	174	171	169	159	163	168	160	161	170	172	170	172	160	164	171	166	169	168	165	169	159	161	157	159	159	157	171	160	164	163	162	156	160	155	159	156	159	164	162	166	162	159	155	164	151	164	167	150	174	178	183	176	167	163	152	130	87	88	100	103	85	101	122	116	133	145	144	138	129	134	126	109	86	73	64	59	55	58	110	154	129	138	125	135	141	153	147	144	140	133	134	139	144	124	123	133	135	124	126	145	144	132	131	143
163	170	168	165	170	166	177	176	170	160	158	171	172	161	173	170	174	174	177	168	160	172	162	169	168	175	165	168	168	167	167	163	166	173	172	168	169	168	168	165	166	167	163	161	168	163	161	158	162	162	167	166	153	160	156	167	164	144	152	161	159	157	151	153	160	159	156	160	154	159	174	155	177	179	178	166	163	157	152	145	147	160	143	134	116	132	132	111	131	135	151	144	124	129	132	132	128	119	96	75	63	77	139	93	71	99	115	142	149	150	144	143	136	133	147	143	156	140	127	140	133	124	133	141	146	135	133	145
168	168	166	167	163	168	161	168	170	167	159	157	160	162	173	166	167	167	165	171	162	173	160	168	160	162	163	173	171	167	165	169	167	169	172	164	176	173	172	163	163	159	167	171	165	161	170	162	168	160	162	155	151	147	157	160	159	161	161	160	156	150	160	159	166	161	151	155	156	156	160	146	166	161	170	164	168	160	149	132	104	119	115	108	116	119	118	116	144	140	154	142	115	115	119	127	132	135	140	123	98	128	189	93	51	53	60	86	118	132	144	147	130	132	133	142	144	144	128	133	124	129	132	126	141	133	130	133
167	168	165	163	162	160	161	175	170	165	170	163	159	167	170	166	158	163	161	167	157	160	161	168	164	164	165	167	157	165	179	169	159	161	166	173	171	172	162	168	167	163	161	163	158	166	171	169	170	162	155	151	157	156	162	164	155	160	160	152	160	172	168	155	149	156	157	160	158	160	167	149	150	145	145	166	175	161	154	162	145	144	113	91	92	90	100	117	146	143	141	132	125	125	121	121	131	136	138	139	135	142	146	88	65	56	54	51	62	79	111	141	134	134	129	127	132	134	121	122	121	130	130	120	131	141	135	130
165	169	173	157	156	160	164	176	166	169	174	164	154	164	170	162	160	167	172	167	161	163	162	172	162	167	167	169	166	171	170	171	165	167	162	155	166	162	163	166	165	159	156	171	158	162	165	160	161	161	153	158	164	161	161	160	159	158	160	152	149	166	170	170	161	158	158	166	163	159	161	152	153	151	145	151	175	153	149	169	177	138	87	68	84	83	93	119	146	148	150	137	132	135	117	136	140	127	139	140	140	143	143	138	120	91	71	60	60	52	54	70	96	124	127	134	138	131	117	120	130	141	131	131	135	135	133	127
169	166	168	159	157	163	165	166	167	163	173	167	163	168	165	166	167	172	171	166	166	162	160	160	155	162	159	166	159	155	162	169	158	164	170	163	172	169	159	157	163	164	161	171	161	160	158	167	174	166	152	164	168	163	162	157	166	157	152	160	159	156	161	158	164	168	156	164	157	157	152	153	160	164	158	153	163	155	152	156	154	86	58	66	78	72	107	123	141	140	144	134	121	128	122	131	136	125	137	137	142	141	143	147	150	128	111	98	75	69	56	49	56	92	116	118	139	133	126	141	132	130	123	125	126	132	131	121
157	166	169	160	163	169	156	158	160	163	167	166	161	167	164	163	161	172	164	166	168	169	174	173	166	170	171	167	164	155	159	160	164	163	165	165	166	162	165	157	166	158	162	169	159	155	167	163	162	160	155	148	166	156	159	157	163	153	151	151	154	149	150	147	152	150	148	144	144	152	151	149	147	149	148	152	164	159	157	138	117	72	66	75	67	69	112	127	143	144	133	134	128	128	116	129	136	134	130	137	148	141	142	138	144	139	125	119	131	121	84	71	77	159	162	114	106	119	122	133	133	125	120	132	130	119	122	119
163	158	163	165	163	170	166	155	160	168	164	160	159	166	164	163	163	169	160	155	167	163	167	164	164	169	172	166	167	169	168	157	158	167	174	158	163	173	170	160	168	156	161	173	165	161	159	156	164	166	157	150	154	157	161	150	143	164	175	170	170	163	162	160	170	164	162	167	167	166	162	161	157	162	162	162	168	154	127	119	109	70	76	77	69	73	107	120	146	155	141	139	124	117	119	129	135	134	139	138	142	139	137	137	144	137	135	131	147	158	135	110	120	195	197	149	112	94	91	103	143	140	132	148	143	131	114	116
162	158	161	163	168	167	166	165	168	174	161	164	155	164	166	171	163	162	160	168	167	166	159	160	167	154	159	158	157	163	163	152	158	161	167	162	158	172	168	160	166	160	168	170	158	162	165	169	167	170	151	150	152	165	161	144	134	165	180	181	179	175	180	175	170	162	172	165	171	182	177	169	170	168	170	179	178	145	117	137	122	73	60	66	80	84	133	131	148	158	149	137	128	115	114	123	130	133	140	143	142	140	144	138	134	133	137	135	134	141	138	143	138	165	178	167	187	169	130	103	95	101	111	134	137	131	127	138
164	164	165	164	164	159	156	155	163	168	166	173	163	168	173	168	169	166	169	167	174	168	164	164	163	159	157	158	159	159	158	162	168	160	163	157	168	178	174	165	158	155	164	163	149	157	167	166	163	162	151	156	161	160	149	139	141	171	178	182	179	170	173	172	168	171	171	173	171	173	174	175	172	167	168	170	167	151	128	152	137	75	59	72	79	82	116	133	144	154	150	146	145	130	123	123	140	134	138	139	148	146	130	127	132	135	137	134	138	139	128	131	133	146	142	136	148	164	182	178	132	101	93	102	120	136	133	132
152	161	167	167	161	168	161	166	163	157	162	163	161	165	165	170	164	166	170	164	170	167	157	171	160	168	164	163	155	158	163	165	157	162	168	154	163	170	161	162	158	157	163	164	159	166	165	150	161	157	163	164	156	158	171	142	128	165	167	178	183	172	168	168	172	169	165	168	177	174	187	176	173	175	182	177	163	158	143	157	156	101	67	77	94	86	101	126	148	150	147	130	128	117	110	116	133	141	142	138	134	138	144	138	131	128	132	125	126	130	116	122	133	140	135	138	137	115	126	161	176	175	160	113	84	102	120	134
162	154	159	158	158	162	166	170	163	158	165	158	154	160	168	165	166	174	175	165	162	165	161	161	167	161	161	161	170	168	169	162	164	163	167	160	158	164	160	160	159	158	153	158	153	157	161	158	155	162	157	163	164	175	192	173	151	168	171	175	184	171	174	177	179	179	177	176	175	178	181	179	174	177	187	186	175	162	146	153	164	105	74	81	83	79	101	119	139	151	152	131	128	108	114	114	134	137	139	143	135	135	144	146	116	125	141	128	131	140	128	132	127	149	139	135	141	129	128	125	136	142	183	182	156	124	96	96
157	163	174	166	159	160	154	163	162	164	168	167	163	160	166	161	166	169	156	160	168	167	164	155	162	168	164	157	161	167	169	160	158	160	165	164	162	165	160	159	161	165	159	165	164	154	155	156	156	166	167	159	163	164	171	169	158	158	174	173	179	173	173	180	170	171	173	181	173	174	177	177	172	179	184	175	160	153	150	152	168	144	81	79	75	69	96	127	147	146	153	135	130	118	122	123	133	136	136	146	132	130	135	133	123	125	130	139	137	138	136	138	134	144	144	130	139	121	129	131	136	119	123	143	168	190	171	140
166	169	170	163	159	158	163	166	163	165	163	162	165	172	171	161	165	167	158	159	168	167	164	156	158	160	162	161	167	162	164	164	161	158	157	159	158	156	159	162	168	157	154	154	154	156	155	159	160	160	166	154	154	154	160	162	157	149	162	159	164	156	155	163	158	158	152	155	163	161	165	165	155	155	164	161	154	153	153	161	174	159	94	63	74	74	89	130	143	145	149	137	129	122	118	122	130	130	134	143	132	133	139	137	133	121	125	124	123	125	124	134	133	136	131	120	138	142	129	129	138	132	129	125	123	142	166	187
173	167	171	154	158	157	168	165	163	156	155	158	159	169	171	166	168	172	163	161	164	165	161	157	163	155	164	165	169	153	164	160	154	164	159	167	158	159	163	161	155	159	165	156	158	163	159	169	156	162	161	158	159	152	156	157	161	165	162	153	156	160	160	160	160	155	155	157	158	148	153	155	151	159	156	159	158	147	161	165	174	168	135	68	73	76	94	130	147	159	162	141	120	114	118	127	136	137	135	136	139	129	131	135	130	127	128	129	123	134	126	131	127	138	136	130	131	130	135	127	118	134	130	139	124	128	129	150
166	162	159	160	168	159	162	158	159	163	165	158	157	165	162	164	165	162	159	163	158	169	159	160	169	162	155	158	165	171	163	158	162	158	151	156	158	159	157	158	165	159	160	159	161	152	155	170	158	159	164	161	160	159	159	152	157	160	158	161	159	167	154	151	161	157	151	155	152	149	151	159	150	158	162	159	157	151	164	177	167	172	173	104	71	69	96	137	144	143	153	141	125	115	121	123	128	138	139	131	139	127	129	137	145	125	130	125	129	143	129	121	134	137	136	128	123	125	130	121	127	136	134	136	135	128	116	144
164	155	148	156	158	161	167	168	162	168	166	157	159	164	161	162	152	159	166	163	155	165	170	169	163	161	155	162	158	164	153	157	160	156	155	160	164	155	159	155	156	163	157	155	160	162	155	157	156	154	159	161	163	166	164	157	155	158	156	155	163	159	150	152	162	158	161	159	161	155	154	160	155	155	162	158	153	156	170	174	170	179	175	150	83	71	112	130	143	154	164	137	119	112	114	117	125	133	146	144	138	136	135	138	137	128	128	134	128	142	125	120	133	126	134	131	131	124	123	128	136	124	137	140	137	126	117	118
163	162	159	161	159	152	158	161	170	168	159	163	155	156	154	163	158	160	165	159	154	158	164	158	159	154	157	162	159	156	153	152	153	148	156	167	158	152	162	155	151	157	163	163	155	155	158	163	162	156	155	157	160	165	155	155	159	155	153	154	150	160	151	152	161	167	170	166	156	156	152	157	157	156	156	161	154	152	165	173	169	182	186	170	123	85	120	127	141	154	159	140	124	121	112	124	124	132	141	142	138	127	130	132	129	132	128	136	138	138	130	139	121	121	135	135	131	120	116	122	118	134	135	135	139	141	120	99
162	161	164	157	154	156	159	157	169	163	157	166	171	164	156	174	160	161	163	161	165	158	162	155	164	156	157	148	162	162	150	154	153	155	159	162	156	154	156	154	162	161	159	161	155	155	155	163	160	153	153	154	155	160	157	149	153	147	148	157	154	153	156	158	157	161	165	163	157	156	153	157	169	165	157	158	148	153	166	170	174	175	181	172	153	114	111	129	142	146	150	142	115	114	116	118	126	134	135	132	131	131	122	124	131	120	125	134	132	133	130	131	132	139	135	120	127	117	122	127	126	128	128	131	136	141	123	126
154	154	164	162	159	153	162	155	157	162	160	165	166	160	158	170	161	164	155	160	159	157	159	171	167	166	165	163	160	159	157	161	163	154	149	154	166	161	155	153	159	162	150	154	156	157	158	160	150	152	157	146	153	162	155	148	151	159	151	148	146	151	163	158	150	158	156	158	157	163	163	164	164	160	162	158	141	158	170	173	178	173	178	180	171	135	120	132	143	149	146	136	119	107	118	115	135	135	135	140	136	139	120	115	128	128	123	130	123	127	132	130	139	138	143	119	125	117	134	148	142	126	130	139	146	140	123	123
153	159	168	167	158	159	165	159	166	160	158	155	157	156	160	157	164	167	151	161	154	151	157	159	160	157	155	163	162	161	162	154	149	149	163	158	159	162	153	150	158	149	140	152	145	147	165	156	153	154	156	160	153	157	158	155	150	156	150	152	153	156	158	156	150	154	154	177	159	162	158	156	157	149	165	162	151	162	175	180	180	181	179	182	152	107	120	126	143	144	143	136	116	112	125	121	139	139	135	140	142	131	133	132	130	132	130	127	117	126	133	138	132	134	133	113	133	119	117	126	128	132	126	129	145	137	117	126
164	162	165	154	148	158	158	152	159	167	159	151	159	152	156	156	157	158	154	156	161	158	167	155	163	156	153	151	157	163	160	154	157	153	156	153	168	165	148	159	158	156	148	159	151	161	162	157	154	163	161	157	159	158	155	156	159	152	156	153	162	152	150	155	158	153	166	186	164	148	152	149	153	154	150	156	157	159	165	182	181	182	186	161	104	93	116	135	145	146	146	131	118	112	124	120	137	135	139	135	127	114	132	130	132	134	126	125	133	140	128	128	135	132	125	108	112	108	109	126	130	135	131	132	152	144	126	138
157	158	162	154	153	157	160	161	156	150	157	162	165	160	156	160	151	153	157	156	158	159	165	161	162	154	159	159	150	150	149	157	153	152	157	155	168	156	158	157	156	159	148	153	152	152	156	155	151	151	153	154	157	155	158	164	150	154	162	153	156	151	152	157	165	159	169	171	157	153	154	154	149	141	137	148	164	167	163	171	178	175	174	118	91	103	109	127	143	137	140	124	122	118	126	131	132	127	132	135	122	113	133	123	128	135	135	139	123	136	122	116	132	137	143	129	125	118	121	132	128	140	128	143	144	130	127	139
163	167	163	158	155	159	155	164	150	163	163	158	153	158	161	165	151	162	163	167	155	155	160	162	159	147	157	155	150	162	155	143	152	157	165	154	156	164	154	149	159	158	155	159	157	153	154	161	156	151	151	148	155	162	163	157	151	161	161	152	156	158	169	165	155	157	180	163	156	149	148	154	148	137	149	141	157	168	169	178	180	174	142	85	98	112	109	125	142	142	138	131	120	118	118	129	128	122	133	139	134	118	128	120	123	131	128	130	119	133	131	125	130	134	146	139	129	122	119	130	118	128	114	116	130	125	117	122
161	158	151	152	155	149	158	157	153	169	156	160	154	159	158	161	159	165	161	157	147	155	151	156	154	151	151	159	158	163	148	148	149	148	161	152	157	157	154	153	152	152	156	153	148	151	157	153	147	148	151	156	157	148	155	162	153	146	155	153	153	156	157	157	154	153	170	177	149	146	151	154	148	143	146	145	153	163	165	179	184	171	118	83	87	98	111	135	141	142	144	135	115	111	119	130	127	131	132	136	132	126	134	133	123	117	130	136	126	137	123	127	137	129	126	114	122	120	128	126	135	127	115	123	132	133	124	125
161	161	151	148	153	160	152	155	160	154	154	158	162	157	156	158	162	161	160	157	158	161	152	152	153	155	152	158	160	151	147	160	153	144	153	161	160	153	147	149	142	157	156	146	150	154	160	150	154	147	149	156	153	144	139	156	163	152	157	157	153	154	153	150	155	148	158	175	158	153	159	155	152	151	149	155	161	167	175	178	183	143	111	107	104	102	125	129	134	135	149	143	120	122	128	127	137	122	128	148	136	117	133	139	133	122	131	131	132	137	125	130	149	126	129	118	125	125	123	119	124	122	118	134	141	132	128	125
147	154	157	152	162	164	153	153	159	155	155	156	157	160	161	150	161	158	157	158	152	157	158	156	159	160	151	159	164	150	161	162	153	146	147	157	161	155	144	154	141	145	149	150	157	159	154	146	152	153	155	156	150	153	151	156	154	150	151	155	156	153	151	145	153	145	150	162	159	165	165	164	160	152	148	146	150	153	166	179	174	134	112	124	131	117	114	125	138	140	143	141	117	117	123	127	129	125	134	145	134	121	127	133	145	135	124	135	135	143	121	118	131	141	140	119	123	128	111	116	120	116	118	125	119	119	124	118
154	152	156	156	159	157	152	156	166	163	160	163	163	166	157	153	154	158	162	160	158	158	160	151	159	160	151	157	157	149	149	150	159	159	160	155	152	145	145	161	160	154	153	151	154	154	159	150	153	159	158	150	153	154	145	147	147	146	154	148	151	149	143	148	148	144	150	148	151	161	151	156	157	147	156	144	153	148	159	169	156	114	108	120	130	113	125	124	139	146	139	134	119	125	131	129	121	123	126	138	120	121	126	117	138	134	132	137	133	132	123	128	131	145	135	113	113	116	110	128	126	115	120	118	120	122	123	130
149	155	157	156	162	153	156	161	166	162	156	158	153	154	154	152	150	162	159	158	153	157	157	156	153	151	152	158	156	148	153	156	158	151	157	155	147	152	144	156	160	158	153	147	148	149	152	144	150	151	155	148	153	148	145	150	156	146	150	149	143	148	159	158	154	154	157	156	156	151	153	151	139	148	151	153	155	142	154	158	136	114	114	116	120	110	109	118	142	140	143	140	118	128	132	129	134	121	127	136	127	125	123	125	142	135	132	131	141	141	139	137	134	129	133	118	126	123	110	110	120	118	116	132	136	131	138	129
150	151	157	156	156	151	161	155	158	153	149	161	156	150	154	156	148	145	159	165	157	156	153	156	149	150	153	149	153	149	149	154	150	151	155	157	152	151	152	153	154	160	160	152	149	153	150	147	152	151	147	154	152	146	153	158	158	151	148	155	148	142	151	153	145	155	157	167	155	148	155	138	147	153	143	145	155	145	149	158	134	118	112	117	118	104	82	109	139	142	146	147	135	128	125	121	131	129	128	137	121	132	131	133	138	137	129	118	136	145	125	129	125	125	127	122	128	114	115	126	129	118	128	134	123	119	131	144
157	151	152	153	155	164	164	158	163	155	152	155	156	156	157	165	157	156	153	154	161	162	141	151	154	157	149	150	152	154	150	147	153	163	163	155	157	153	157	151	146	147	153	159	149	141	142	149	154	159	147	147	149	145	149	145	151	155	154	149	157	148	150	151	147	150	152	159	151	156	155	151	153	143	154	156	162	146	145	144	125	104	100	105	96	69	57	106	136	137	142	133	123	130	124	124	128	122	122	132	127	126	127	134	136	118	118	124	131	138	132	126	123	121	119	123	129	120	120	131	124	116	123	131	123	124	131	150
157	154	156	153	154	160	158	158	156	157	158	155	153	158	157	153	150	150	155	146	152	157	151	150	156	152	141	152	151	149	154	155	151	157	157	144	149	148	155	145	144	150	141	149	152	146	148	147	146	157	156	151	150	148	147	151	149	151	147	150	158	149	154	152	145	154	155	153	147	155	144	154	153	147	151	156	154	144	141	130	114	82	86	85	77	65	66	106	134	142	145	127	115	122	113	121	141	128	121	133	130	116	119	129	149	126	123	136	121	137	132	112	124	117	129	129	132	124	113	109	113	125	111	129	123	131	146	151
159	158	147	156	142	141	152	159	156	154	160	154	154	158	146	146	142	143	149	146	150	149	148	148	151	149	147	154	153	153	155	163	151	148	142	143	150	149	146	146	146	151	148	152	153	151	153	146	148	147	144	149	146	149	158	153	144	149	150	150	154	144	157	158	143	151	155	147	156	154	147	151	150	151	149	157	163	145	136	127	115	86	88	89	77	62	58	98	142	143	141	133	120	121	108	121	135	126	116	134	134	116	121	133	146	120	110	132	127	133	138	126	120	126	128	123	126	106	113	127	130	144	120	133	144	133	134	138
155	157	146	159	156	153	151	149	150	155	151	153	156	163	157	150	147	142	161	154	149	148	148	155	155	154	153	149	153	146	152	145	135	150	158	162	153	152	153	141	146	148	150	148	146	145	152	158	143	143	137	142	148	158	157	155	146	147	140	149	154	146	148	152	157	147	152	146	162	157	154	152	143	148	143	155	160	150	138	106	105	96	93	99	75	57	54	113	143	145	150	127	121	115	107	122	133	127	116	132	129	114	123	135	144	128	110	128	137	139	136	133	128	138	127	110	127	124	119	134	136	123	123	129	130	127	130	129
150	155	157	153	162	161	153	146	153	158	147	155	145	154	158	154	148	150	153	148	150	153	144	153	155	148	145	158	156	147	145	147	142	149	156	153	150	150	147	143	148	147	148	149	147	143	152	152	140	139	153	148	142	157	152	151	150	148	141	152	160	154	147	145	147	143	160	145	149	152	141	153	144	147	147	153	161	148	137	113	112	113	97	98	75	60	74	127	140	144	151	130	120	111	116	120	135	128	130	138	132	127	137	138	152	139	114	123	136	135	127	130	125	124	128	118	124	126	142	147	141	126	123	133	135	136	131	133
157	160	160	155	148	154	151	147	153	150	150	158	152	141	152	158	154	154	154	154	152	155	154	148	156	155	151	149	152	153	155	155	144	145	144	142	137	147	147	142	152	143	146	154	155	150	149	149	147	151	151	149	144	147	144	154	154	150	147	142	146	148	138	139	153	153	161	146	149	150	144	147	152	149	156	156	158	143	143	134	129	116	109	107	89	60	75	117	135	146	138	124	123	116	112	121	129	129	132	139	137	128	133	140	139	121	110	122	124	125	121	133	117	135	130	112	131	130	131	125	132	131	126	131	136	128	121	126
160	166	160	156	149	154	147	145	158	148	151	149	149	143	150	160	159	153	150	144	151	157	160	160	167	161	149	148	152	143	144	148	150	142	148	149	143	143	150	148	152	145	148	146	153	148	144	148	157	142	143	148	148	155	144	146	142	145	151	146	143	145	148	147	155	157	154	151	157	153	144	146	149	148	157	146	164	148	139	113	120	103	97	88	78	60	69	116	135	139	133	121	124	126	112	119	129	126	109	134	131	126	125	132	146	120	96	119	117	125	128	135	127	135	131	129	132	137	135	127	124	123	126	138	132	118	121	133
150	157	152	157	150	157	160	150	160	154	147	145	155	158	153	150	165	156	155	150	150	148	151	151	159	145	137	152	153	144	146	149	148	146	149	152	148	144	147	147	153	151	145	146	144	148	152	149	148	140	151	143	151	154	153	153	145	138	145	142	150	143	150	150	147	156	151	146	154	148	152	153	150	154	147	152	170	146	147	123	112	115	103	75	68	59	61	110	142	137	140	136	130	123	120	120	126	126	112	137	137	129	127	122	139	125	93	111	122	135	127	130	133	134	131	120	126	136	133	121	130	129	140	147	126	110	131	138
146	153	153	151	152	152	161	161	156	150	146	159	153	156	145	149	152	152	154	148	154	149	158	151	159	156	142	145	147	153	149	150	152	148	144	148	151	142	148	155	145	151	148	145	143	149	144	153	154	153	158	147	136	145	146	151	150	145	156	147	152	143	147	151	153	144	148	153	145	150	153	149	144	152	154	153	161	153	140	113	95	107	98	90	64	52	63	115	138	140	143	129	127	117	119	127	129	120	114	134	141	134	124	128	132	136	102	120	125	128	125	127	121	115	130	116	124	140	140	121	131	120	128	141	123	118	134	119
